,6,7,8,9,10,11,12,13
1,0.7941712204007286,0.7214632665452337,0.8661202185792349,0.8975409836065574,0.8816029143897997,0.910595021250759,0.8837279902853673,0.8653612629022465
3,0.8471463266545234,0.9042197935640559,0.9634183363691561,0.9625075895567698,0.9681238615664846,0.9704007285974499,0.9726775956284153,0.9694899817850637
5,0.8623254401942927,0.9335154826958105,0.9655434122647237,0.9570431086824529,0.9608378870673953,0.9713114754098361,0.9707043108682453,0.9720704310868246
7,0.8755312689738919,0.9327565270188221,0.9550698239222829,0.9471766848816029,0.9538554948391014,0.9619004250151791,0.9659987856709168,0.9716150576806315
9,0.8857012750455373,0.9298724954462659,0.9482392228293868,0.9409532483302975,0.9488463873709775,0.9581056466302368,0.9612932604735883,0.9681238615664846
11,0.8925318761384335,0.9277474195506983,0.9430783242258652,0.9272920461445051,0.9414086217364905,0.9464177292046144,0.9464177292046144,0.9625075895567698
13,0.8945051608986035,0.9250151791135398,0.9339708561020036,0.9193989071038251,0.9148451730418944,0.9304796599878568,0.9424711596842744,0.9532483302975107
15,0.8978445658773527,0.9212204007285975,0.9254705525197329,0.8986035215543412,0.8996660595021251,0.9190953248330298,0.9278992106860959,0.9483910139647844
17,0.8998178506375227,0.9171220400728597,0.9137826350941105,0.8735579842137219,0.8822100789313904,0.8946569520340012,0.9096842744383729,0.936247723132969
19,0.900728597449909,0.912568306010929,0.9016393442622951,0.8401639344262295,0.8020643594414086,0.8592896174863388,0.8817547055251973,0.9245598057073466
