,6,7,8,9,10,11,12,13
1,0.01329826594770649,0.014814453288326732,0.005896036200707441,0.007240290530474888,0.008819263858761018,0.01091709275432136,0.006810395168922834,0.007952655480425818
3,0.0015376189273678328,0.0016318399607506227,0.0025251539895172394,0.002379329653825117,0.002691288055963881,0.00238996134685853,0.003262287378534821,0.003926514467781585
5,2.2998440444052526e-05,0.00027425376112134164,0.0007041239620092388,0.001151557861138493,0.0014056280078903428,0.001579833890099762,0.0024880432097372875,0.0030293633050848573
7,3.8304146543141626e-07,4.1299349369115085e-05,0.00027320156298399866,0.0006812543946757375,0.000982883438168295,0.00117164684062729,0.0021270381100542434,0.002875937111624935
9,4.039887053011726e-08,4.877016924500349e-06,0.0001498846556396375,0.0004077291817670605,0.0007086617089573878,0.0009160925907555427,0.0018019185431138196,0.0025820741453921234
11,-3.019411988838816e-08,1.1679486856819299e-09,3.283969178591393e-05,0.0002545633996416776,0.0005121372506423638,0.0007562409119130792,0.0014685732825357968,0.002270470707618839
13,-3.155178155897498e-08,-5.593460347674828e-10,1.0894254945860438e-05,0.00012270605052278668,0.0003194727463999851,0.0005627257356287504,0.0012910640049185371,0.0020164262257647953
15,-3.1591269621100704e-08,-5.389222644536229e-10,2.9765469278771398e-06,7.285613960793073e-05,0.0002919881126778102,0.0004730958272034884,0.0011165328596899017,0.0018532548194476286
17,-3.1448060860278515e-08,-5.95537024208892e-10,4.059691662353093e-07,4.4110326581150994e-05,0.00024309523999630888,0.00039752191070754526,0.0009616791124438906,0.0016863517356330597
19,-1.6987613291746806e-08,3.846596347001352e-09,4.106690565542498e-07,2.506303469921277e-05,0.00016699292248362326,0.000338776796023796,0.0008702534024121219,0.0015245223219765183
