,6,7,8,9,10,11,12,13
1,0.005053890582574507,0.006147283328983752,0.008661201360233892,0.009574866038191392,0.011146211062261272,0.006886425586810129,0.00977736075582434,0.010707796591009067
3,0.0017937093187668219,0.0019498233431706293,0.0037144619688902233,0.003965057420729912,0.0053033718623797955,0.004146495807865939,0.005653863442283972,0.006612408709212494
5,0.000244707963265471,0.0006515590925156343,0.0013309278487194127,0.002085381756597418,0.0029729350197897865,0.0029696486009906124,0.004825716118760543,0.005287312812263376
7,0.00023365586088766537,0.0005310334646165482,0.0010631041185818525,0.0012137152395037016,0.001870199653433157,0.0020982298672622803,0.004179314981101426,0.00570634804718078
9,0.0003116764659863286,0.0006711445759185176,0.0014056236539202612,0.0012140401786587198,0.0014292494675361652,0.0016783863296869542,0.003522066116521013,0.005101212147279843
11,0.00038971418732646764,0.0008489086134367876,0.0018348846240950317,0.0016130372902896089,0.0013941283525980488,0.0014294674433342936,0.0028227351365242067,0.004494042858539677
13,0.00046731570091816714,0.0010184463839208418,0.0022582150828777546,0.0020452759650746027,0.0017709152549435355,0.0013550193679401062,0.0025325136708726674,0.00387255185330802
15,0.0005451381555401669,0.0011878949566989571,0.002673736386298956,0.00249116409531763,0.002031625460459876,0.001457809573721305,0.0022900482880908136,0.0035426896527136677
17,0.0006228443167206736,0.0013577749256253758,0.0030676779868515506,0.002927127944565494,0.002296453610911548,0.0017066430261476158,0.0022320219506339048,0.0032100118768000627
19,0.0007046531670554622,0.001529285600541875,0.0034497324180597947,0.0033497197783957182,0.002876572549713577,0.0019156731834381394,0.0023931935629082635,0.00300872938520498
