,6,7,8,9,10,11,12,13
1,0.7684326171875,0.6463623046875,0.6844482421875,0.6729736328125,0.72900390625,0.8978271484375,0.88037109375,0.8718882817243473
3,0.7017822265625,0.7601318359375,0.8460693359375,0.92529296875,0.95166015625,0.962158203125,0.9580078125,0.9684274438372799
5,0.796142578125,0.899169921875,0.947998046875,0.950439453125,0.9635009765625,0.973388671875,0.9656982421875,0.9726775956284153
7,0.79541015625,0.94921875,0.957763671875,0.9495849609375,0.9608154296875,0.9561767578125,0.960693359375,0.9729811778992107
9,0.821044921875,0.947509765625,0.95556640625,0.94189453125,0.9476318359375,0.95751953125,0.95361328125,0.9714632665452337
11,0.7999267578125,0.9420166015625,0.94921875,0.9388427734375,0.94384765625,0.94384765625,0.9512939453125,0.966909532483303
13,0.7908935546875,0.9429931640625,0.944091796875,0.9337158203125,0.93212890625,0.9381103515625,0.9378662109375,0.9603825136612022
15,0.7825927734375,0.940673828125,0.9296875,0.9132080078125,0.92724609375,0.9261474609375,0.9228515625,0.9570431086824529
17,0.7760009765625,0.93798828125,0.9310302734375,0.9056396484375,0.90380859375,0.9163818359375,0.91162109375,0.9452034001214329
19,0.7698974609375,0.93505859375,0.9212646484375,0.8931884765625,0.8790283203125,0.88330078125,0.875244140625,0.9351851851851852
