,6,7,8,9,10,11,12,13
1,0.010452340949950855,0.024228424782477276,0.00934754602612384,0.013933148932678283,0.011969751722141245,0.005867192699536991,0.006498262924417828,0.007507375429547265
3,0.0055738434838774505,0.006285588543502417,0.003990641315808299,0.0052466183564907985,0.004352891956069846,0.0039376936801068015,0.0037157595020600154,0.004006930917768753
5,0.002347647074783417,0.00368120367807623,0.0029434218005683355,0.0028709976451336853,0.002555571137938379,0.002522272948706035,0.0024658622523533974,0.003273431625494887
7,0.0009875060815223748,0.0017483884568949837,0.002132970250224653,0.0023339823243925077,0.001938495906832865,0.0018650411124851792,0.002301503409903605,0.003276392412438981
9,0.0001730802431054168,0.0011658469998403736,0.001278908520844761,0.0016855175260066975,0.001771668490005875,0.0016601508308068378,0.0019462675979204972,0.0030040716405386634
11,6.302733230958285e-06,0.000510242766326394,0.0010179883444209345,0.0012553709380641338,0.001455499400921538,0.0014824561190676815,0.0019300621150887373,0.0026921872086432034
13,6.067147153426822e-08,0.00036043540799997505,0.000714584170273082,0.0012009019481071977,0.0012397001295728644,0.001342001304155596,0.0016233977290059007,0.0025141067000235603
15,2.9852118273859807e-07,8.421806144652891e-05,0.000526667245031559,0.000971690877045221,0.0010849266337767,0.0011347823641780436,0.0014687743609865423,0.002370233593620959
17,-5.124420193736157e-10,1.944174284937948e-05,0.000383213654097333,0.0006524645361840695,0.0009088090915240652,0.001107603656927195,0.0013868873836228178,0.0021033828210525003
19,-5.135686806378992e-10,5.859947896563744e-06,0.0002477022580030545,0.0006120896972357567,0.0007988224258529582,0.0009757175888686319,0.0012512871848764716,0.002062157612683931
