,6,7,8,9,10,11,12,13
1,0.005765062174203014,0.014487712733353066,0.009491669067722747,0.01434508997508246,0.012072016135055846,0.008577853935259928,0.009015031483872766,0.010635954286331772
3,0.0033367772698899216,0.006129105370603819,0.005301116825967111,0.006782084897791105,0.006046976642601319,0.006307585032213497,0.0059703210933692175,0.006414654358158849
5,0.0016568206409662215,0.0033146411128515355,0.0028315314079774604,0.003701265605226474,0.003687925672580351,0.004121863430770957,0.004078847331587794,0.005463468151688168
7,0.0009369517252191739,0.0019858798426720427,0.002164332370288135,0.0026853782776530377,0.002833290486488463,0.0028688768891824016,0.004218182246733011,0.006101233213056273
9,0.0005190062867248582,0.0014777218058104064,0.0012302644031768931,0.0021023647255573974,0.0023014646941421865,0.0026089435594305573,0.003523911760844828,0.005620089071895106
11,0.00022244931034750694,0.0012999715433891744,0.0012934876543835945,0.0017537170897320598,0.0018377533202814185,0.002245066907262721,0.003444592238374432,0.005039484510879604
13,0.0002038013088181008,0.001239619501946687,0.001342499685603509,0.001680420579851885,0.001804851070172054,0.0020098511338860294,0.002678537682120128,0.004673517191215974
15,0.00023841112413192957,0.0013389648679415108,0.0015884294768205894,0.0020596143615649203,0.0017766833123773918,0.0018595012285862148,0.0024580975076964355,0.004290645060640583
17,0.00026911132699415326,0.0014350246960503474,0.001588471782916831,0.0021900555368623738,0.002205559860697273,0.0019946627415769747,0.0024096742826957254,0.0037186519218966757
19,0.0003027579095486221,0.0016301135685455248,0.0020888203826354883,0.0024493069632519327,0.0024619477360291932,0.002218759753919016,0.0025097755728064517,0.0036206802332481706
