,6,7,8,9,10,11,12,13
1,-0.1766564910840775,-0.12716753836011002,-0.12921347509953734,-0.10708986158167776,-0.10891188947469256,-0.08342787952385886,-0.06912298029749837,-0.06073813689846001
3,-0.023361742395302608,-0.012324409125516023,-0.010128461004907253,-0.002392275377697934,-0.004215044130748563,-0.0018943715840184373,-0.001208227602627682,-0.0007221343930100599
5,-0.002341547271897058,-0.0023826343630016515,-0.0011787875633645201,-0.0010440582935934964,-0.0009699343243460482,-0.00036425564528567566,-0.0004964410258006366,-0.00022360718841355314
7,0.003103449245098826,0.00022019765646062392,-4.683189918784488e-05,-0.0001627147309880212,0.00012217516201388926,-2.776572221500523e-05,1.1367593849403515e-05,-8.09200036127628e-06
9,0.0014040030250978084,-0.0002582854568497037,-0.00017205422852689138,0.00016971224985820265,-2.7501224424228404e-05,7.3738608898880765e-06,-3.847390815926441e-05,-1.757061001343134e-05
11,-0.00010321230692067113,0.0004699312915651337,-0.00012520834787592224,8.274046750232046e-05,-5.6030439368967245e-05,1.3022265251222301e-05,1.9212301889593512e-05,-5.419414797994186e-07
13,-0.0006913620535188356,6.84106212581903e-05,2.3637652459730525e-05,0.00010519915156725273,5.156300129269459e-05,-3.401227777453255e-06,-9.594001555597958e-06,-1.2630284919924448e-05
15,-0.0011310091189250648,-0.0007213192439437912,-0.00023118936038095728,-2.7920431358134257e-05,-2.0898795484502616e-05,-2.4428890309363362e-06,-2.0364966035451926e-05,8.35068303645647e-06
17,0.000927685868181386,0.00018025823952413374,-0.00021453864872578765,1.2274946744651076e-05,8.112734069240448e-06,-4.136640652455134e-05,-1.2342344205102307e-05,1.6081125320771963e-05
19,-8.059259561517727e-05,-5.882596184385863e-05,-9.646466385858897e-05,1.873622774342023e-05,-3.1880393821969434e-05,-4.5012216151452e-06,-7.371360665814552e-06,-9.648475016982535e-06
