,6,7,8,9,10,11,12,13
1,0.009165628810948314,0.004419648412231837,0.005196744390085617,0.003823257640496456,0.003715664904068655,0.0027527983852540113,0.0018434405364322832,0.0017277296881997345
3,0.000503409079689398,0.0002962496166284795,8.239850701158482e-05,4.3869446661517e-05,3.158033366765697e-05,9.35943752148376e-06,5.526900149285755e-06,1.992449782210461e-06
5,0.00010580093900951928,2.0050305108292336e-05,4.733250586900568e-06,2.3771696513259925e-06,1.3819698587160852e-06,5.776865475223688e-07,1.562758649759869e-07,8.820905204618371e-08
7,8.563069255475559e-05,1.4996841552091583e-05,2.5393606191478587e-06,8.813872486186085e-07,6.727445373842257e-07,1.425855660209084e-07,4.860421921498576e-08,3.5802132736293985e-08
9,8.049769920952745e-05,1.4871556969798726e-05,2.449866484230547e-06,1.0187525047480126e-06,1.7483968928944588e-07,1.37569540336608e-07,5.572447018814685e-08,2.399999570195647e-08
11,0.0002176797658091793,1.6676721636577525e-05,3.855676113592243e-06,9.008157608030829e-07,2.3568922043436643e-07,1.3050132430485e-07,6.353099512871614e-08,2.3264583444584287e-08
13,9.650668842007614e-05,1.5471817812469012e-05,2.0688344512184084e-06,5.937868207917485e-07,5.481053604325223e-07,1.9312429526008227e-07,9.759078139799003e-08,2.6598340502776573e-08
15,9.492863488470012e-05,1.2646014429011482e-05,3.3441722927750305e-06,1.3256895371690342e-06,2.1568542912273305e-07,1.4190892286361903e-07,5.767508370610993e-08,2.981578606296183e-08
17,0.00012068747948067526,1.3397173223887351e-05,2.155421457452441e-06,8.109336771772117e-07,2.340793173275711e-07,1.0589971049459161e-07,6.200060205007078e-08,2.8277386327134894e-08
19,6.595272330169705e-05,1.6327762578035957e-05,2.170733120784692e-06,1.5407606038652122e-06,1.9658371335940116e-07,1.8768352583136427e-07,5.42740135882548e-08,2.9129570699726528e-08
