,6,7,8,9,10,11,12,13
1,0.00045119159316356886,0.00023408285462826154,0.00010236761980801736,4.006448589470607e-05,1.97229329702496e-05,7.472606897555134e-06,6.904424644669349e-06,1.3953747328258311e-06
3,0.00020657602317175692,8.15743623016635e-05,3.9183259136602666e-05,9.393743339211605e-06,2.5757022896621806e-06,1.5689222949685886e-06,6.286484670604144e-07,2.7759412261113084e-07
5,7.676926864951383e-05,2.7664141165306513e-05,4.727275485794439e-05,4.361559983789409e-06,1.9500557074681785e-06,5.234409283736139e-06,3.2896882460809124e-07,2.581894516817817e-07
7,0.0006203219403198365,0.00012825446826930127,2.5826099691421516e-05,6.496147626816411e-06,1.9314783759803628e-06,1.0711960066839172e-06,1.6950482747145906e-07,5.927377764371352e-08
9,0.00039786452567866786,0.00013434401852437154,4.86630310851525e-06,1.5300213829018476e-05,5.573751156445429e-06,1.2758085892642442e-07,6.57060023010018e-07,3.161138060416615e-07
11,8.240141082953672e-05,4.843083251713123e-05,3.1490632760832763e-06,2.2331924526139873e-06,7.077378903665236e-07,1.2969685306083133e-07,6.36491827454894e-08,2.703164733762832e-08
13,7.714657713103866e-05,1.6658521931801586e-05,3.610147491490944e-06,5.714302157267773e-07,3.6583234510051933e-07,9.420121148414834e-08,4.327346055462701e-08,2.7174740894013226e-08
15,6.729583550933004e-05,1.78166473231841e-05,2.5043595460360714e-06,6.808301982894661e-07,2.889226618004849e-07,1.2004459968497782e-07,5.885071550566323e-08,2.2355094218592288e-08
17,6.460306244725173e-05,1.0158990097677318e-05,2.3265377642697663e-06,9.64679738206814e-07,4.112965835055779e-07,1.6785887976169595e-07,6.094659980205561e-08,2.880748781568803e-08
19,7.372610758664487e-05,1.3651080007538438e-05,2.7441544201857147e-06,5.888052875500309e-07,2.559284346100083e-07,1.038861855283445e-07,9.620361353503834e-08,2.838801349620854e-08
