,6,7,8,9,10,11,12,13
1,0.03421030383369071,0.02010454819441372,0.017192141115676393,0.010851126780332091,0.0045481361616556745,0.003919264477730132,0.0024686011799655945,0.0012490683725543167
3,-0.0010487942960725985,0.0014947480095091829,0.0028939396221653456,0.0002825531890348048,0.00026312139192090947,0.000348063356217844,0.0002905881903494281,-1.315938010609064e-05
5,-0.0033480489652883126,-0.0026712147450474234,-0.00029621842068271875,-0.0009106221422355745,-0.001258784580114809,3.269118771977647e-05,-0.00015414757723382474,-0.0001639385722575477
7,0.015107608801297806,0.001095968751431627,-0.003187906923673529,0.0008967139911099267,-0.00013760571629252893,-0.00030727595152353415,-9.021859583134097e-05,-0.00012170099291508983
9,0.0013683154533296214,-0.006720596775945772,-0.0002826733572862414,0.0008709719573113928,-0.00094315600757366,-0.00016365066441600005,0.00014351057718047425,-0.00022282344631174551
11,-0.0009229095762606118,-0.0018798765766410894,0.0001964187609021142,-0.00038017600837340204,-9.846777633957283e-05,-7.975537823345708e-07,-3.214715163685964e-05,-2.554570585082792e-05
13,-0.0006113719790352421,-0.00033785855513615315,3.315915324185752e-05,6.9453413360661374e-06,-6.484446559525842e-05,1.6708466509918084e-05,-2.266281278911855e-05,1.9227772920662722e-05
15,0.0004381107765685761,0.0006408258611662464,0.00015519994790019515,6.96851098702875e-06,-3.568247305098075e-08,6.860879482759245e-06,-4.868957371166101e-06,-4.052453788711695e-06
17,-0.00021070153291507477,-1.6393820617133504e-05,0.0002669060851129737,-0.00012356907871866735,5.467055990743249e-05,1.020454275920367e-06,-2.4429661494522508e-05,-9.230325260948863e-07
19,4.806245294551264e-05,-0.000276039012818899,-4.709956579260453e-06,-5.560498812362532e-05,-1.1385855056275013e-05,-2.540677291593756e-05,1.576365476620642e-05,1.5454576487196397e-05
