,6,7,8,9,10,11,12,13
1,0.02364769480581087,0.003181303211156961,0.02752368140907096,0.34161665475423847,1.0190164082827844,0.3323193745227296,3.2860959533069884,204.99473858363515
3,0.015179060968764478,0.006277883546663979,0.01977717598374219,0.04773040203339164,0.11344627204256444,0.7525986656990034,1.5492136521767907,8.688187157172292
5,0.0112481512717364,0.014599111852934239,0.015850886153131887,0.05399548026430342,0.0761021000558356,0.14590253844364362,0.4179597332186536,1.0942051622275226
7,0.01239093202512014,0.013215160925877474,0.020573831264253953,0.029191724931198725,0.10262021835408759,0.16825536764370347,0.17535032224792504,0.4674385200393117
9,0.0041505078776402715,0.013003681621630183,0.01752361573948259,0.04749941424149054,0.08891371190184275,0.12840721837380362,0.2647945510343525,0.45390781329493357
11,0.005673926390313484,0.003606964988229187,0.02443622035074795,0.052399310804680396,0.1063623920768136,0.17738715917374748,0.27903694811260543,0.5076275809477748
13,0.004746615158106094,0.009362591580997202,0.024119424134736053,0.042893384582949085,0.08217392858670258,0.13119239225644946,0.19813987903234703,0.5156898615435594
15,0.007622157654280163,0.01425729568200582,0.014875710242697036,0.04981175859275286,0.041938716383158534,0.14449505402264612,0.2579719276427362,0.3979433790886597
17,0.015819593700615538,0.01377092191230668,0.03098284532946133,0.02195330563038408,0.08344238356195474,0.12373261300392448,0.2612896615953716,0.3401360087403866
19,0.007325937872677565,0.030972197292543083,0.04889181909967911,0.08277683258539983,0.07199928421755725,0.2802310070706034,0.18390721585806322,0.3735948306669626
