,6,7,8,9,10,11,12,13
1,-0.27503848313451656,0.047190006746416706,-0.24659739125018368,0.9849165174212203,-1.3596520240628993,0.5035597938330457,2.4091189826014694,-23.28797117072793
3,0.04027748410190333,-0.012163404263034687,0.1294310621348805,-0.1349780263685852,0.05315712521456248,0.2986877191420981,-0.8622502522723826,-1.0354196310648314
5,0.12678926495608248,0.07227283950173774,0.09049071594704661,0.16210086800301404,0.07901253583850304,0.1345063405468196,0.09139721943235626,0.25885924512328123
7,-0.044970674876192246,-0.04362048391430708,0.006374615618550211,-0.012672819367120567,-0.010347040512260253,0.010815706779422327,-0.1248162742485282,0.08278113248968438
9,-0.027244649003706614,-0.01284626604283011,-0.03898482696368727,-0.026309898409610552,0.04612936033611883,-0.04146529403956247,0.0006440159281020019,0.11537068992081449
11,-0.020970697903110135,-0.004637568230143749,0.04230046031810374,0.034721765022211644,-0.07095130724619322,-0.07020305925211194,-0.02860615672582738,0.0031183158621919203
13,0.0012843680159385722,0.00858289051639855,0.005257962364569581,0.006708347422395478,-0.02759699026956491,-0.04410925583921463,-0.010129999670593977,-0.03797854238390743
15,0.016388198952379723,0.0043972886440900374,0.007818554364836965,-0.017044648715549057,0.02183101448167819,-0.01778729072166019,0.01311762794405027,0.045746241477102316
17,0.010234483324746803,0.0019875279996209604,0.010750064527418881,0.0035224204164041027,0.04008997283915733,0.006246107259770968,0.023049753304835684,-0.015452263104142841
19,-0.0008240419334221716,0.021398474178499938,-0.019855268097912656,0.017643084655850284,-0.012160983251877047,0.010761957404865755,0.020452495700369493,-0.05657356641018181
