,6,7,8,9,10,11,12,13,14,15
1,0.603271484375,0.6170654296875,0.625244140625,0.5921630859375,0.6383056640625,0.6705322265625,0.6976318359375,0.6834716796875,0.0,0.0
3,0.656494140625,0.6236572265625,0.6412353515625,0.65625,0.6702880859375,0.688232421875,0.6824951171875,0.7384033203125,0.0,0.0
5,0.614990234375,0.6270751953125,0.654052734375,0.66357421875,0.680419921875,0.6795654296875,0.7235107421875,0.742431640625,0.0,0.0
7,0.632080078125,0.6328125,0.6566162109375,0.6485595703125,0.689208984375,0.6527099609375,0.7532958984375,0.7681884765625,0.0,0.0
9,0.6385498046875,0.619384765625,0.6580810546875,0.6629638671875,0.684326171875,0.6778564453125,0.7537841796875,0.7147216796875,0.0,0.0
11,0.6248779296875,0.6407470703125,0.6304931640625,0.675048828125,0.672607421875,0.694091796875,0.7484130859375,0.7200927734375,0.0,0.0
13,0.62158203125,0.640869140625,0.6453857421875,0.6795654296875,0.6961669921875,0.7000732421875,0.763671875,0.6878662109375,0.0,0.0
15,0.61767578125,0.61376953125,0.65771484375,0.67822265625,0.694091796875,0.7049560546875,0.6524658203125,0.724365234375,0.0,0.0
17,0.6131591796875,0.624755859375,0.6177978515625,0.6761474609375,0.6968994140625,0.7021484375,0.6934814453125,0.724609375,0.0,0.0
19,0.609130859375,0.6180419921875,0.6429443359375,0.6497802734375,0.6861572265625,0.688720703125,0.7630615234375,0.77783203125,0.0,0.0
