,6,7,8,9,10,11,12,13,14,15
1,0.021152421457351106,0.013617850592452947,0.004368413902865961,0.006001498845390073,0.003634155121143219,0.0022501163073408168,0.0015060570887080274,0.0020078140092973356,0.0,0.0
3,0.003940474535699609,0.002119227818476727,0.002880904907355651,0.0015950119658245509,0.0007425151231265092,0.0007526868848252567,0.0007386043152005349,0.0006006342665272237,0.0,0.0
5,0.0036397625923224805,0.002475889429514563,0.0021032288526212344,0.0015103076177106112,0.001034657502084722,0.0007125326179698121,0.0004905824695034631,0.0003979541356761096,0.0,0.0
7,0.0008677378583983944,0.001703081231226665,0.0015610763210877213,0.0012278024400169882,0.0008740942933385515,0.000607543166399874,0.00044565655049960104,0.0003496916677687491,0.0,0.0
9,0.0003922147755071187,0.0010981902391878247,0.00125261124321693,0.0010164382033286436,0.000787246155762796,0.0005321253014403463,0.0003859616338329326,0.0003084317961562148,0.0,0.0
11,7.617044475966006e-06,0.0006291711824569796,0.0010038737820831662,0.0008123972892965792,0.0006549753704223091,0.000446657195513436,0.00036991552864200106,0.000276735449442466,0.0,0.0
13,7.212615196691696e-07,0.000485067749450261,0.0006794952138290443,0.0007091686931639312,0.0005877873993408102,0.0004374044226874026,0.0003344368398488883,0.00026300203873274696,0.0,0.0
15,3.5794980893927297e-07,0.00018069345362478097,0.0005823859834222529,0.0005970639828658001,0.0005220837061884176,0.00038013829906751145,0.000313670598233838,0.0002497047673131258,0.0,0.0
17,6.938893903907228e-18,2.5835755453172335e-05,0.00041753382367409886,0.0005396321142911746,0.00046496458839081524,0.00036692862023993383,0.0002909073423669842,0.00023308972159503,0.0,0.0
19,1.0340915693185515e-09,8.428258333411515e-06,0.0002717244011610862,0.0004717505202512561,0.0004246927672076463,0.00034168559899274797,0.00027751918514173506,0.00022508155350557538,0.0,0.0
