,6,7,8,9,10,11,12,13,14,15
1,0.001196364323635327,0.0014839021925606502,0.0014948158763570152,0.0017568665372180495,0.0018645521354568857,0.0014683974929426931,0.002173580055744533,0.002022675850683979,0.0,0.0
3,0.0013054012010437785,0.0012698783468787973,0.0006700055938935536,0.0011285377632686893,0.0012027386145983087,0.0010768467768002045,0.0017738886619973763,0.0015101997859230073,0.0,0.0
5,0.001018922448726772,0.0007471079644082592,0.0008254155785426839,0.0009963032695277504,0.0007844140565416678,0.0007263670926141603,0.0009936402560717069,0.0009690837348514641,0.0,0.0
7,0.0006200664123676106,0.0005090335918463515,0.0006198372334880999,0.0006078931047899017,0.0005535861170166004,0.0005034297352760914,0.0006811944825345665,0.0007708848429338421,0.0,0.0
9,0.00046030201990730063,0.0004642926414698597,0.00039649635595860426,0.0004372576911077837,0.000490624316260953,0.0004057016814816581,0.0005722781012983884,0.000652162489013624,0.0,0.0
11,0.0004329484752218559,0.000324952642046547,0.0004904651374928815,0.0004487374027593841,0.0003778654832390282,0.00044870569078766116,0.00048747838616637477,0.000578382653169089,0.0,0.0
13,0.00047785368204252595,0.0003038781485007234,0.00031249438346490113,0.00038739652100980884,0.0003864168037428353,0.000379811324107105,0.0005354342753672711,0.000530839873317381,0.0,0.0
15,0.0005462708124658434,0.00041972132373731323,0.0002880867797839094,0.00033993003175860834,0.0003358189087884207,0.00029726034034948344,0.00046806795124671016,0.0005145730928523297,0.0,0.0
17,0.0006236958657766836,0.0002753365605374027,0.0005064678136958709,0.00028674327592110834,0.0002834106084688756,0.00028673529818693937,0.00039287456018141084,0.0004530778778430561,0.0,0.0
19,0.0007023240758321791,0.00034529538310839046,0.00030889266167225747,0.0003252044364942429,0.00027652926697435166,0.00031871322340892134,0.00037123315326428354,0.00045004677445944667,0.0,0.0
