,6,7,8,9,10,11,12,13
1,-0.11498335509648891,-0.09041894176252008,-0.048158654607621525,-0.04311667590721511,-0.02779401049713459,-0.020094684854348954,-0.00835895046616453,-0.009972786828182463
3,-0.003645129443111713,-0.0015893203240069027,-0.00030204378443108746,-0.001040376365607945,-0.00033576822804277283,-9.17935799808754e-05,-0.000236389757221596,-1.2225345639747908e-05
5,-0.003982179580961388,-0.00031317926073540865,-0.00017189951258764278,-3.207297160374184e-05,3.990699041500747e-05,-4.836666329237414e-07,8.620463811978884e-06,-4.942931506934064e-05
7,-0.0035071936299644973,-0.000477550966607347,-0.0005151729763871873,0.0002241773342158903,-0.00012112071370380426,-4.498821015074742e-05,2.5851071421475784e-06,7.66868677845611e-06
9,-0.0008175142816894956,0.00048070642536821,0.0003059934584736012,-9.859138197755545e-06,-2.902625131303688e-05,-1.543375977459992e-05,-2.5959801378628048e-06,4.482971307631873e-05
11,-0.0013160283202132308,0.00017534855753727555,-0.0001767761912964235,-5.2704743724637955e-05,-3.4805582833189076e-05,-1.1405652884043442e-05,-6.023383305983791e-06,9.527072551914133e-06
13,-0.00013745076306102385,-0.00027231895326788305,0.00020278635488986862,0.00010482957411789478,3.694834682553558e-06,6.483125712834366e-05,5.3021944464578796e-05,1.0232114036273595e-05
15,0.0003881551530450267,-0.00018687911434312997,0.00012711406062482214,9.184486920829027e-05,2.0568877469663997e-05,-1.2025177506805391e-05,8.471140145746748e-07,-1.8992206383597848e-05
17,-0.0020401862575735808,-0.0005082217254751768,-0.00010651714401748733,5.3338000152966645e-05,2.695699579258184e-05,-1.3373258533388032e-05,1.541780014726336e-05,1.1389174426624854e-05
19,-2.6273998257460574e-05,-0.0007486349842380858,0.00023272767676582332,-7.361681100217836e-05,6.714550749933327e-06,-1.0299236937141415e-05,-2.3992280568366137e-05,-1.0318062634226022e-05
