,6,7,8,9,10,11,12,13
1,0.015284437046117412,0.01104844126939489,0.0046137477480844855,0.003777810312816654,0.0022938063617455582,0.0012663463315221264,0.0004066890684665185,0.00030241880006973317
3,0.0001931836476641348,3.119095622770848e-05,8.38352381347549e-06,3.250375841209066e-06,6.84837484120906e-07,3.4929212138165705e-07,1.3081568649583633e-07,8.476895347617046e-08
5,0.0002071840437272956,3.365139931628631e-05,1.0289641489578499e-05,1.2788145625068057e-06,5.935036147361342e-07,2.3481856407576753e-07,1.35824766613887e-07,6.182151939197896e-08
7,0.00021981284526578806,2.4351345725657095e-05,8.004591925722647e-06,1.4687629779169755e-06,6.617505921055043e-07,3.677684376641206e-07,8.719201807397987e-08,6.665271960085503e-08
9,0.00017951597742038778,4.9021298763763475e-05,4.454462139838537e-06,1.2215007922168072e-06,6.15399201229478e-07,3.7809955006526255e-07,7.190770894149487e-08,5.1878143815796906e-08
11,0.00017538430932238102,3.0624637453152265e-05,5.424780596722741e-06,1.3741290582556333e-06,5.430136176654748e-07,3.9533115569866003e-07,1.313279659819401e-07,5.842409490136773e-08
13,0.00013275556156200092,3.118042795284114e-05,4.826705358374556e-06,1.8019224786263663e-06,9.438509695769094e-07,6.067918414797918e-07,1.9260936489020783e-07,6.057970797877876e-08
15,0.00014745466353170697,2.8458716688281507e-05,5.580475815447663e-06,1.563529843276467e-06,4.985152284591141e-07,3.026409599446071e-07,1.2679071999886464e-07,7.029522595260138e-08
17,0.00018746062141816768,3.0245022687776794e-05,9.083524866332511e-06,1.5726580588940855e-06,7.054615947086739e-07,3.662613358515829e-07,8.877515740002838e-08,6.825047165729637e-08
19,0.0001676505275747797,3.776981368776751e-05,5.206569727676424e-06,1.568034399786056e-06,5.006377499921854e-07,2.7343361872199445e-07,1.4891850926658928e-07,1.092489902930823e-07
