,6,7,8,9,10,11,12,13
1,0.7938676381299332,0.8136004857316332,0.8749241044323012,0.852762598664238,0.924863387978142,0.944140862173649,0.9121129326047359,0.9143897996357013
3,0.9330601092896175,0.9605343047965998,0.9488463873709775,0.9716150576806315,0.9784456587735276,0.9741955069823922,0.9778384942319368,0.974802671523983
5,0.8274134790528234,0.9506678809957498,0.9605343047965998,0.9717668488160291,0.97632058287796,0.9751062537947783,0.9723740133576199,0.9685792349726776
7,0.9238008500303583,0.9367030965391621,0.9737401335761992,0.9755616272009715,0.9684274438372799,0.9752580449301761,0.9725258044930176,0.9678202792956891
9,0.9203096539162113,0.9597753491196114,0.9499089253187614,0.9632665452337583,0.9617486338797814,0.9749544626593807,0.972829386763813,0.9726775956284153
11,0.8797814207650273,0.945658773527626,0.9647844565877353,0.9704007285974499,0.9758652094717668,0.9746508803885853,0.9738919247115968,0.972829386763813
13,0.9017911353976927,0.9612932604735883,0.9617486338797814,0.9713114754098361,0.9725258044930176,0.9779902853673346,0.968882817243473,0.9737401335761992
15,0.9395871281117183,0.8946569520340012,0.9638737097753491,0.9699453551912568,0.9752580449301761,0.9729811778992107,0.9734365513054037,0.9749544626593807
17,0.8624772313296903,0.9599271402550091,0.9672131147540983,0.9664541590771099,0.9687310261080753,0.9802671523983,0.9778384942319368,0.9734365513054037
19,0.7770188221007893,0.944140862173649,0.9656952034001214,0.9723740133576199,0.974802671523983,0.972829386763813,0.9754098360655737,0.9741955069823922
