,6,7,8,9,10,11,12,13
1,0.0024191818472113907,0.0018901528090239806,0.0039855787109256005,0.005299403959470648,0.004208317356570718,0.004110803027617639,0.00454267053541884,0.004593731122701231
3,2.2852698877348643e-07,1.3155000929028493e-07,1.3565063796266985e-06,4.749769618587595e-05,0.000219392883727488,0.000397328673973363,0.0006308721967150663,0.0010571939958054957
5,1.241361108003658e-08,4.167106670283083e-07,1.8341973162527836e-08,3.176140835354363e-07,1.7692545129672447e-05,0.0001122742207649392,0.0026713531279473827,0.0033205222320318835
7,1.0437345627709038e-07,1.0218097785431868e-07,1.7098018381331292e-08,0.0023425584303739108,0.0019731619118588334,0.002744648453940007,0.0025090754710516625,0.0028361316329608434
9,2.278699802703288e-07,0.0018207794938719588,0.0014107968997465054,0.0022362898075743206,0.001544163386456718,0.0014814392505993037,0.0022062889680618796,0.0023790948909319758
11,4.894223840617995e-06,0.0006132358703833645,0.0009695681956284809,0.0011194564552305698,0.0012769676071791554,0.0017371731613010921,0.001731646407576502,0.002391803700949448
13,1.9925041012218425e-06,0.00033665845164029297,0.0007892072830927507,0.0009841995279161386,0.0011549106634464994,0.0011001967347875814,0.001930833244478008,0.002297596215052687
15,7.794686167350573e-09,0.00014563353290573088,0.0006409401967690659,0.000720203758879683,0.0010958365614157349,0.0013926033828267283,0.0013709077846998526,0.001935574875223616
17,3.2436667656357554e-07,5.111527726982604e-05,0.0003063002243142857,0.000633039954613568,0.0007711747337035904,0.0010967058491804672,0.0013623277020466471,0.0019094143998260153
19,-2.96582040176796e-09,1.1253821629603894e-05,0.0002243147164142107,0.00048604634868901556,0.0009551090215816453,0.0009022473925229466,0.0011909452626729065,0.0015844631267497948
