,6,7,8,9,10,11,12,13
1,0.004548299367217946,0.003903861408709921,0.007040990505079846,0.009300414130946311,0.007379625858914926,0.007143749942131045,0.007151285756382901,0.007094595309067605
3,2.1639813115150885e-05,1.4107032597335014e-05,2.4867860212254124e-05,0.0001493666817848906,0.0005533600622017597,0.0008648085891856874,0.0013878724453842833,0.0022626769758252426
5,5.217758827586995e-06,2.6855503894963552e-05,4.53303440874336e-06,1.0576137686887379e-05,8.218703562962079e-05,0.0003331701416885782,0.003216616309894719,0.0035737665805012017
7,1.8236900411533852e-05,1.7010161258323783e-05,4.4770809975016835e-06,0.001890835397468798,0.0018891641752156315,0.0033722355823979856,0.0032120629926846995,0.0033329686704913204
9,2.058020253013704e-05,0.0008008473992618153,0.0006679519595083187,0.001894895416289491,0.0016256985256483808,0.0016297760293271237,0.0028635210522676693,0.003074666071072849
11,6.411120482395952e-05,0.0004432600770352813,0.0005892331921384588,0.0009418592761183885,0.0013555196901801146,0.00220242570057767,0.002456148218497697,0.003304226197052399
13,2.9300637842881893e-05,0.0003288912234900321,0.0004937586763557662,0.0008510298193206265,0.0012201099251275742,0.0012902011072269469,0.0027338311397504117,0.0031619303077879695
15,2.262750324389896e-06,0.00019415052846869085,0.000874427589171603,0.0006200462051804324,0.0014104901504106817,0.0018970439860078918,0.0019163928164123635,0.002837871648164023
17,6.408443605853409e-06,0.000174639473780169,0.00036071645560794424,0.0006751558664480365,0.0008872271192813762,0.0013871995614908787,0.0019012202797022183,0.0026718459605410325
19,1.5140114774494192e-08,5.698955514327669e-05,0.0003231730485123128,0.0005377652916448939,0.001321554731672491,0.0011706905561772775,0.001717122765288392,0.002293572362887837
