,6,7,8,9,10,11,12,13
1,0.862629022465088,0.9318457802064359,0.9644808743169399,0.9622040072859745,0.976775956284153,0.9769277474195507,0.9808743169398907,0.98224043715847
3,0.9330601092896175,0.9605343047965998,0.9486945962355798,0.9717668488160291,0.9773831208257437,0.9754098360655737,0.9810261080752884,0.9823922282938676
5,0.8274134790528234,0.9506678809957498,0.9605343047965998,0.9716150576806315,0.9761687917425622,0.974802671523983,0.9776867030965392,0.9839101396478446
7,0.9238008500303583,0.9367030965391621,0.9737401335761992,0.9772313296903461,0.9731329690346083,0.9793564055859137,0.9789010321797207,0.9816332726168792
9,0.9206132361870066,0.9615968427443837,0.9579538554948391,0.9719186399514268,0.9697935640558591,0.97829386763813,0.9798117789921068,0.9852762598664238
11,0.8803885853066181,0.9477838494231937,0.9672131147540983,0.9731329690346083,0.9778384942319368,0.97632058287796,0.9799635701275046,0.9811778992106861
13,0.9019429265330905,0.9615968427443837,0.9612932604735883,0.9726775956284153,0.9722222222222222,0.9778384942319368,0.9790528233151184,0.9831511839708561
15,0.9395871281117183,0.8949605343047966,0.9629629629629629,0.9735883424408015,0.9755616272009715,0.9760170006071646,0.9789010321797207,0.9828476017000607
17,0.8623254401942927,0.9605343047965998,0.9704007285974499,0.9672131147540983,0.9697935640558591,0.9836065573770492,0.9805707346690953,0.9811778992106861
19,0.7770188221007893,0.943685488767456,0.9667577413479053,0.9719186399514268,0.9723740133576199,0.9776867030965392,0.9804189435336976,0.9825440194292653
