,6,7,8,9,10,11,12,13
1,0.020083923836435626,0.010618763728012319,0.0066541151328206516,0.004089258165720618,0.002910743841411649,0.0017577871598524236,0.0012752941363283871,0.0008657292643421483
3,0.01953349977629896,0.011636001221894865,0.0066855187692532484,0.003950631250434258,0.002948337904966231,0.0019239312918580198,0.001254886651335785,0.0008834475323905016
5,0.021533168456037977,0.01127562756020662,0.006687414000156032,0.004008869679814824,0.0026868076165342428,0.002006811303722285,0.0012746333004299425,0.0009201686444462972
7,0.02098642601428519,0.011035835927919867,0.007148500283763003,0.004370414310425458,0.0026444456645254967,0.0022647581569572505,0.0013263879692796906,0.000882680148673049
9,0.019352031755188383,0.010136496784351846,0.006403324562824976,0.0044894513746018844,0.0026181231371094978,0.0018595016395709634,0.0012980607900569298,0.0008437984671484404
11,0.018475029212799837,0.010792177756195984,0.005956430956263957,0.004315072107106809,0.002729047103538625,0.0020589094589215694,0.0012298611775583244,0.0008703831352170166
13,0.020325914370182198,0.010529175524218592,0.006213632591300814,0.004062875613102237,0.002900509388368779,0.0018284663828458067,0.001343203050501022,0.0008900123335644432
15,0.019686822478300177,0.010036406496510955,0.007611926828985403,0.0038548926591888775,0.002832525342604772,0.002004114643287667,0.001249318853363763,0.0008437590048663955
17,0.020202503833431473,0.011666579978662737,0.00664054213849077,0.003983522795329958,0.0024212979060872645,0.0017968762794964106,0.001261463370500254,0.0008955250991066358
19,0.02138641162468357,0.010625778344242689,0.0072087426922064195,0.004009740722425869,0.0031741459307132788,0.0017209948623877792,0.0012421194707455245,0.0008567604252723013
