,6,7,8,9,10,11,12,13
1,2.5613446917348114e-05,1.021761165008322e-07,2.4111811613062304e-06,1.0161492567957356e-07,1.733658954028387e-06,5.380750926792492e-07,1.4563352059330112e-05,4.96184749625405e-07
3,0.00012345169749717626,8.938628365354854e-05,2.61197076255258e-05,1.8927119143866218e-05,1.0812088073596094e-05,6.243379220625983e-06,2.7020374208867947e-06,1.5895467213969524e-06
5,8.375796352828775e-05,1.2274985953643774e-05,4.3574094763436295e-06,1.370992418762196e-06,6.285957108469241e-07,2.37371174405977e-07,1.4234727524602862e-07,7.579787406875022e-08
7,5.4136842098004566e-05,6.312755053727317e-06,3.479472050472508e-06,4.946575218004194e-07,3.5309117725921657e-07,1.5365372290347698e-07,4.824900930297761e-08,3.342583425561974e-08
9,4.141144473337751e-05,9.59221736794232e-06,1.4160726630209333e-06,4.787305610943106e-07,2.8128939075750983e-07,1.874167816860818e-07,5.986104541705703e-08,3.222934901302791e-08
11,6.692824643704062e-05,8.936849709634113e-06,2.2165815027845487e-06,7.086147992391821e-07,3.6556646999545987e-07,2.547524912287808e-07,5.6801870557139236e-08,2.2297260620667036e-08
13,4.667215195177876e-05,1.0263449663527174e-05,1.7222697463195681e-06,8.023949016223479e-07,3.012195104242121e-07,1.871187692082823e-07,5.3714489953317345e-08,2.82564184991097e-08
15,3.739401140206324e-05,1.1553909875739459e-05,2.9698625460246732e-06,5.961085989132171e-07,4.235260391713702e-07,1.1126317919204951e-07,7.592692959259313e-08,3.0786809250831455e-08
17,3.539092377177817e-05,9.010118646967234e-06,2.9060284859494614e-06,6.967720946677606e-07,3.167341199992226e-07,8.512819736152935e-08,5.8086375401974135e-08,2.5942101850879503e-08
19,6.271149039106046e-05,7.481944871637461e-06,3.1215217342038338e-06,8.731686184455231e-07,2.9921893175091005e-07,1.6540182756933557e-07,6.978546933779125e-08,2.4721048861544358e-08
