,6,7,8,9,10,11,12,13
1,-0.004010054683558873,-0.00020123689131814511,-0.0010219184130263784,0.00026211594552196714,0.001024732926624152,-2.6283435829614378e-05,-0.0032960828273336713,1.8090497520728033e-06
3,0.0030866594945943683,-0.0021986993191159187,3.0197719462874106e-05,0.002152343886668041,0.0012400701478780063,0.0012297658519702665,0.001104107173423839,0.0007792144410539787
5,0.007512317438093656,-0.0008023746426360693,-0.00011747571112551605,3.8909131263899154e-05,0.00019382657139619105,-0.0003161170047557357,-0.000261829680717126,8.972470046193986e-05
7,-0.0002535116610330791,-6.830176097325852e-05,-0.0006348274676943574,1.3764776268267056e-05,-8.512767533580792e-05,-0.00012266736098107502,-2.754407028384226e-05,1.7223163750304522e-05
9,0.001274978498989969,0.00034986763915967534,-0.00020700291677281304,-5.1621787198304886e-05,0.00014805602501771244,3.18264071037581e-05,3.1894715093365357e-07,-2.057061307378863e-05
11,0.00021535708805365427,0.00040397385250420944,-0.0005561629737503538,-0.0001282226129879565,3.9644468839064e-05,1.4047099750381232e-05,2.8281706697041712e-05,-1.0805234711284958e-05
13,-0.000587791122299349,0.0001954894620423319,4.524534630953088e-06,0.00017213552167530936,4.2775473849033344e-05,-4.750752225960733e-05,9.804007463446432e-06,-1.4549993465379878e-05
15,0.0008943782284450037,-0.00043479213979010807,0.00010076202120770007,-1.4980634840481644e-06,8.29713018705061e-05,5.3034441884633225e-06,5.149191234770488e-05,-1.410723995639944e-05
17,0.001268243353722286,0.00010549701828557002,-7.578515516086099e-05,-4.1375414245404285e-05,-8.853564459353576e-06,-2.936565834044016e-05,4.191211733073645e-06,-1.3569803243193357e-05
19,-0.00033170637224912006,7.787443559821495e-05,-1.188290474006877e-05,2.3349525749423197e-05,-4.9060653005661495e-06,5.983988362684234e-06,1.9184313564221677e-07,1.7692383119511043e-05
