,6,7,8,9,10,11,12,13
1,0.7281420765027322,0.7527322404371585,0.905130540376442,0.944140862173649,0.8711293260473588,0.902701882210079,0.944140862173649,0.8592896174863388
3,0.8258955676988464,0.9019429265330905,0.8850941105039466,0.9459623557984214,0.9489981785063752,0.9518822100789314,0.9512750455373407,0.9609896782027929
5,0.8099574984820886,0.8682452944748027,0.9488463873709775,0.9646326654523376,0.9757134183363692,0.9729811778992107,0.9679720704310868,0.9658469945355191
7,0.7991803278688525,0.9124165148755312,0.9171220400728597,0.9744990892531876,0.9676684881602914,0.9719186399514268,0.9729811778992107,0.9704007285974499
9,0.9386763812993322,0.9353369763205829,0.9500607164541591,0.9679720704310868,0.9647844565877353,0.9773831208257437,0.9699453551912568,0.9761687917425622
11,0.8775045537340619,0.9115057680631451,0.9699453551912568,0.9717668488160291,0.9617486338797814,0.9810261080752884,0.9773831208257437,0.9704007285974499
13,0.9376138433515483,0.9304796599878568,0.964936247723133,0.9655434122647237,0.9694899817850637,0.9740437158469946,0.9722222222222222,0.9731329690346083
15,0.8993624772313297,0.9570431086824529,0.9722222222222222,0.974802671523983,0.97829386763813,0.9710078931390407,0.9757134183363692,0.9793564055859137
17,0.8765938069216758,0.9198542805100182,0.9640255009107468,0.9629629629629629,0.9694899817850637,0.9720704310868246,0.97434729811779,0.9731329690346083
19,0.9508196721311475,0.9187917425622344,0.9697935640558591,0.9723740133576199,0.970856102003643,0.9744990892531876,0.9790528233151184,0.9769277474195507
