,6,7,8,9,10,11,12,13
1,0.008297620853581655,0.012221456831880435,0.006962182618811426,0.008522962760645486,0.007880887309594936,0.008899374294577902,0.006567379238394709,0.005889081928591884
3,0.006359970956410985,0.002478237519285406,0.0030483931627079243,0.005236767428126159,0.0035160052866079895,0.004115364228804801,0.004973958164524853,0.003717982135940276
5,0.0024863978525303636,0.0032966754894426433,0.00296744430136818,0.002649095795541693,0.0024660697019622015,0.0029779485278943734,0.003049272048814547,0.002956835842447102
7,0.001080851317366096,0.0019536201272294038,0.001991092709228006,0.0017595173583597763,0.0017888358029558762,0.002776151145574027,0.0023179369659015346,0.003813159219895023
9,0.00027353863555273916,0.0010291259421787383,0.0013619768273496948,0.0016078275788759802,0.0014936227564337871,0.0019166951238335757,0.002077832780342122,0.002504066618595815
11,6.5251457472235985e-06,0.0006666167804864655,0.0010566738715967932,0.0011618061458780462,0.0012490259665511251,0.00152295780390691,0.0018605383999843502,0.002327410997874486
13,1.0681960626493514e-05,0.0003000856024855808,0.0008264403312284105,0.001016603377427907,0.001146299130923097,0.0014120578437870138,0.001946983427045064,0.002204011097460881
15,4.557910855754188e-07,0.0001236192167785432,0.0004870126322287661,0.0008204882323153903,0.0011174941726973258,0.0010736010186478062,0.001315553332240942,0.0019283053344654277
17,-5.599169128345238e-09,3.4556515981056316e-05,0.0003768766907110274,0.0005723676989068957,0.0007074644289243376,0.0011664777850880531,0.001514331802027585,0.0017439703781265122
19,2.616211953673786e-08,1.0181616147313458e-05,0.0002460413405573217,0.0005558076440966711,0.0006780035186888284,0.000948665440639714,0.0014394763151120483,0.0017005533487430508
