,6,7,8,9,10,11,12,13
1,0.005522970241447632,0.01208543409001575,0.006040605152951167,0.007692526996721264,0.010855771595780184,0.008263588937301568,0.008404981954500922,0.008899833519280862
3,0.004734359132164803,0.0037524232390433745,0.004955826762884715,0.007133042196404878,0.005614165096596105,0.006994606334721247,0.007802517487403876,0.005876284356837947
5,0.0018183638300380103,0.0023633087622414017,0.0023922749552244657,0.0029444616247956312,0.0036197799531306383,0.005083368041739219,0.00567529536176759,0.005293864214357857
7,0.0012606677636656217,0.0019208319021698252,0.0015143183096691384,0.0023759361538339017,0.0024375505339008013,0.005192374490869461,0.0043088042544302246,0.006992305622697339
9,0.0006624719880393982,0.00128201221495795,0.001349310459572378,0.002396917575452434,0.0022591440435332562,0.003407760081711878,0.004032556889142354,0.004851192497783182
11,0.00011688173157384821,0.0009500398579886783,0.0011738029589934203,0.0016570791686435148,0.001801268024176878,0.0027042059186369962,0.003596860767647736,0.004684404128429183
13,0.00010854311883602938,0.0004500760718982683,0.0012423435120154434,0.0015701322281146464,0.001781664251301052,0.0026350970190736982,0.004134620051923982,0.004344553357191183
15,1.9947284258065065e-05,0.0004928326772458396,0.0007969819934538333,0.0012939507760613297,0.0020757125072575567,0.0019715448216298483,0.002634273550613417,0.003959774509720118
17,1.6673848965981435e-06,0.00019865957862080067,0.0006249469898162944,0.0008538776538364372,0.0011732118378051577,0.002216366252885558,0.003138415563125349,0.003559762054092407
19,6.4057312397292105e-06,9.933112280961262e-05,0.000572889495373419,0.0010249850156437553,0.0010687545648764007,0.0018202249353110203,0.0030379439349158526,0.0034101084626792684
