,6,7,8,9,10,11,12,13
1,0.8307528840315725,0.9453551912568307,0.9626593806921676,0.9705525197328476,0.9785974499089253,0.9761687917425622,0.9814814814814815,0.9828476017000607
3,0.8863084395871281,0.9514268366727383,0.9594717668488161,0.9697935640558591,0.9738919247115968,0.9752580449301761,0.9816332726168792,0.9823922282938676
5,0.8579234972677595,0.906648451730419,0.9596235579842137,0.9705525197328476,0.9785974499089253,0.9766241651487553,0.9811778992106861,0.9831511839708561
7,0.7808136004857317,0.9151487553126897,0.9477838494231937,0.97829386763813,0.9744990892531876,0.9751062537947783,0.9820886460230722,0.9825440194292653
9,0.9420157862780814,0.934274438372799,0.9579538554948391,0.970856102003643,0.9694899817850637,0.9766241651487553,0.9784456587735276,0.98421372191864
11,0.8776563448694596,0.9212204007285975,0.9737401335761992,0.9720704310868246,0.9693381906496661,0.9829993928354585,0.9816332726168792,0.98224043715847
13,0.9371584699453552,0.9297207043108683,0.9670613236187007,0.9656952034001214,0.9684274438372799,0.9758652094717668,0.9795081967213115,0.9825440194292653
15,0.8993624772313297,0.9579538554948391,0.9720704310868246,0.9757134183363692,0.9776867030965392,0.9746508803885853,0.9804189435336976,0.9857316332726169
17,0.8765938069216758,0.9206132361870066,0.9643290831815422,0.9640255009107468,0.9729811778992107,0.97632058287796,0.9778384942319368,0.9799635701275046
19,0.9508196721311475,0.9197024893746205,0.9693381906496661,0.9740437158469946,0.9725258044930176,0.9751062537947783,0.98224043715847,0.9851244687310261
