,6,7,8,9,10,11,12,13
1,0.02030810865187478,0.012515510839092234,0.0064076806153462494,0.004213135284292965,0.0029864254092890788,0.0018449180039120583,0.0013264291351050797,0.0008398711234956529
3,0.02027417067994539,0.010384004424713673,0.0062572469530279085,0.004927240660017087,0.002690106111333071,0.0018530756954044099,0.0013668190784432428,0.0008387780950443167
5,0.019830334391339226,0.0111975189444919,0.006487283021662595,0.004134674009777566,0.002688581394991488,0.0019518801202164406,0.001278696683901555,0.000870580797255864
7,0.01998318147556308,0.012030860218806852,0.005849569947736647,0.004495568223133512,0.0025546284873479153,0.0021133003279649905,0.001265842128779614,0.0010196656873071033
9,0.0182062875134514,0.010570194510037167,0.006284810784699093,0.004153910329638207,0.00263560245227699,0.0020985218980506077,0.0012568414153398687,0.000872293490079543
11,0.01930877968199588,0.011557435671122131,0.006364597085336701,0.004469524329775064,0.00261625594885864,0.0018450089379443233,0.0013051064260962968,0.000836195769226902
13,0.020530801479781716,0.010983246754065746,0.007321251766854026,0.004045386348567852,0.0027583496974497423,0.002028255613175556,0.0013021710980509558,0.0008668044156591775
15,0.0215276346430761,0.011401477008417945,0.006642362280385866,0.0041985885960690635,0.002887108440858477,0.0017563490328699404,0.0011779146024456654,0.0008524380395886534
17,0.019302337945689654,0.011463573603633941,0.006381897263857647,0.0038351723702715187,0.0025278661099331057,0.0019075720646015842,0.0013665207686945062,0.0008590159396721162
19,0.019836113883638002,0.011188329797163115,0.006804450121102441,0.0040524735550421295,0.002663181984667038,0.0018061451202118503,0.001361142136426532,0.0008522432621976244
