,6,7,8,9,10,11,12,13
1,0.0005837307701850338,0.0015516832948029454,0.002246489974490936,-0.0031299491533380154,0.00032327728784732374,0.0013093899345605884,4.601368906671654e-05,0.00023092729569313184
3,0.00035713352345949833,-7.75693750867586e-06,-0.0004941417183398872,0.0005029645690453873,0.0003059231805141948,-0.00015093499698278949,8.770747226299444e-05,2.364319010282952e-05
5,-0.0009507185807410283,0.0005774134677297599,0.0006905420281429881,-1.5471510854812907e-05,-1.7779181144539497e-05,1.4070729074157123e-05,8.512076442729882e-06,2.8921475047632555e-05
7,-0.00032807932489380137,0.00026225836245944627,-0.0001457592203341462,1.895583181968823e-06,-0.00010826063494365464,5.224116413076372e-06,-9.91730879902627e-06,-2.6456015884188274e-05
9,-0.0006527181886592959,-0.0001778215498024014,-0.00018980914417772172,2.30031873299341e-05,-7.334592276826514e-05,5.94333670301431e-06,9.6933585821374e-06,-6.158318530457188e-06
11,-0.0001896988520460654,0.00023339097641813814,-5.648361275417406e-06,1.3167216009436134e-05,0.00011730637315199664,2.3074599881761676e-05,1.1261321127241897e-05,1.3014705038105588e-05
13,-0.00020203219873632025,5.453399451075719e-05,2.497329907078937e-05,5.911750914667827e-05,8.922970071733793e-06,-7.662665860338025e-06,-1.5233206922447158e-05,6.5361953916988565e-06
15,-9.427233949092914e-05,0.0001248120760379652,3.0334111256571126e-05,-2.4605633630580644e-05,-4.1475380485256994e-05,1.7528575891047945e-06,1.4166566260219122e-06,6.141344787930969e-06
17,0.0001228782156988208,-0.00019916626584864385,9.309967410383351e-05,3.887996173121081e-06,2.997892684512858e-05,6.037972624416267e-06,1.7539151847443886e-05,-1.0038954951808281e-05
19,-8.974741701742311e-05,0.00015935315850489082,8.314198596708946e-05,-6.055289885147433e-05,1.567291685797982e-05,7.526519935182174e-06,-7.454617385356738e-07,-4.485291821237732e-06
