,6,7,8,9,10,11,12,13
1,1.2931241914462267e-07,8.224265896509067e-07,1.7589837551868545e-06,3.3788450936293782e-06,1.1892171555352645e-07,9.000724351336384e-07,1.6442887604877356e-07,1.292602497896259e-07
3,2.1946664802197207e-06,2.875388808309031e-07,2.9056425862637665e-07,1.9289951831305836e-07,1.5289082975440278e-07,1.709994868573465e-07,1.1416581937581708e-07,4.427596029999895e-08
5,1.5015664741760377e-06,7.241517260152795e-07,4.553446688925839e-07,1.425816400660343e-07,4.726492150725922e-08,3.2998802044364885e-08,2.0679142127031306e-08,1.1657750636803182e-08
7,3.231979764253041e-07,7.803530579687726e-07,2.209558599035617e-07,5.903241594893089e-08,9.370646717045463e-08,4.085150172227403e-08,1.221327606509996e-08,7.035617677081658e-09
9,3.2863505456297157e-06,6.06175023561238e-07,6.780686191558769e-07,2.068989485048805e-07,9.967425377628812e-08,2.4665654921566043e-08,1.538432672333994e-08,6.005881254650458e-09
11,8.552154457118396e-07,1.4849054377717884e-06,2.0122374914210613e-07,1.0335794780070311e-07,1.3746853506011822e-07,5.709202426385966e-08,1.584249315596441e-08,6.392292848375484e-09
13,1.90950798680012e-06,4.7487629356813764e-07,1.533476186549807e-07,2.248716924992899e-07,1.165420873947869e-07,4.3870333352575206e-08,2.2183986583238443e-08,5.510088170009822e-09
15,1.348165069041576e-06,6.982513917327781e-07,4.517755949822082e-07,1.8507437200150132e-07,5.118952832316553e-08,3.592110744312755e-08,1.263543762385975e-08,5.908028390892264e-09
17,3.6979803858066815e-06,9.609583055701364e-07,7.311617896606714e-07,1.9707730066085144e-07,5.4129138014637324e-08,4.768156604514371e-08,1.1961599729559789e-08,6.01144224406435e-09
19,1.0595785323613811e-06,7.881382521552447e-07,6.013566331759262e-07,2.1092493089285153e-07,6.074438304965057e-08,6.023142647509153e-08,2.1633389492774388e-08,5.996925016083277e-09
