,6,7,8,9,10,11,12,13
1,0.8035822707953856,0.7524286581663631,0.8712811171827566,0.9294171220400729,0.9259259259259259,0.9377656344869459,0.9339708561020036,0.9423193685488768
3,0.8000910746812386,0.8808439587128112,0.9576502732240437,0.9704007285974499,0.9602307225258045,0.9716150576806315,0.9740437158469946,0.9685792349726776
5,0.8844869459623558,0.9605343047965998,0.9494535519125683,0.9641772920461446,0.97632058287796,0.9737401335761992,0.9779902853673346,0.9658469945355191
7,0.9477838494231937,0.944140862173649,0.9650880388585307,0.9770795385549484,0.9628111718275653,0.9714632665452337,0.9757134183363692,0.9725258044930176
9,0.9344262295081968,0.9502125075895568,0.9628111718275653,0.97434729811779,0.9655434122647237,0.9755616272009715,0.9775349119611415,0.9744990892531876
11,0.9363995142683668,0.9482392228293868,0.9653916211293261,0.970856102003643,0.9710078931390407,0.9734365513054037,0.9769277474195507,0.9717668488160291
13,0.6270491803278688,0.9553734061930783,0.9675166970248937,0.9679720704310868,0.9746508803885853,0.9716150576806315,0.9729811778992107,0.9757134183363692
15,0.8025197328476017,0.9573466909532483,0.9713114754098361,0.9658469945355191,0.9700971463266546,0.9749544626593807,0.9790528233151184,0.9749544626593807
17,0.914541590771099,0.9581056466302368,0.9625075895567698,0.9641772920461446,0.974802671523983,0.9738919247115968,0.9751062537947783,0.9726775956284153
19,0.8044930176077717,0.9213721918639951,0.9565877352762598,0.9697935640558591,0.9738919247115968,0.9772313296903461,0.9755616272009715,0.9755616272009715
