,6,7,8,9,10,11,12,13
1,0.002341943936373079,0.0033620643982653787,0.0031886663158934153,0.0028886070553387965,0.004319086017353832,0.004265936830011996,0.0040412538869126005,0.0043078583604705635
3,0.000693491192790361,0.0011172474942054717,0.0033090591160797236,0.002835675676885009,0.0033304729600042732,0.0023789172677882507,0.002623317407415954,0.003037065722063007
5,2.8083405630312253e-05,0.0005857454438432403,0.001030457612080488,0.0009093831113598451,0.0013941485579375035,0.0016696337226993763,0.0024522663247795503,0.0023593810384808242
7,1.2625217062772753e-08,0.00013557559314746406,0.0005492307534569231,0.0007394833173062776,0.0011824684059564966,0.0015137092117308909,0.001655857847700501,0.0020115777353437217
9,1.9019786717811016e-09,3.597383177296812e-05,0.00023268341651732673,0.0006802854907670425,0.0006772812114984325,0.0010157420905235433,0.0013643694966561765,0.0017376763256529587
11,-4.973225894641664e-08,2.5400292358087467e-06,9.800773201446011e-05,0.0004899091335811116,0.000698768174781682,0.000789315739990012,0.001214436394542461,0.0016479842645893811
13,1.5134090567553438e-08,2.3117879206432934e-08,2.820172687578726e-05,0.0002669809164491648,0.0005155859505771745,0.0007249706820658653,0.0010495274414926497,0.0014733699777864653
15,1.6895396155042208e-08,-8.986143287814663e-10,1.2375046780766126e-05,0.00017098439801631771,0.00038637767263171793,0.0006794768310791786,0.0009505865605681793,0.0012646749290621071
17,2.5173181598253658e-08,9.285947409273798e-08,4.2862311195619035e-06,0.00011088355633981535,0.000332951299074187,0.0005689852287639749,0.0008581875369412647,0.0011904326146001082
19,5.597022782743988e-09,-3.325121989208868e-08,5.713364453477018e-07,5.650997584591769e-05,0.00025181534633054396,0.0004213012029935883,0.0007463037430901079,0.0011242735160878134
