,6,7,8,9,10,11,12,13
1,0.005066146103867605,0.005927255849961701,0.005849546005820697,0.005524009066761507,0.007480817684437939,0.006974240885276248,0.006614193826002653,0.006717198748465573
3,0.0014352532586429858,0.001714408273175584,0.004527663363526673,0.004008289041604585,0.006233713069131094,0.004305322300430843,0.004402588596157496,0.005142214613021223
5,0.00022184725209912974,0.0014835576675065764,0.0016714513896509662,0.0018385324410210898,0.0019320904094660026,0.0029531213673722324,0.004672873199973415,0.004377582316205254
7,3.6911490797680657e-06,0.0004158287424574732,0.0009883522108050029,0.0008938630695210784,0.00198153324543633,0.0031878990137844832,0.00322158427889211,0.004164240140176078
9,2.022480219022631e-06,0.00019417375387109474,0.0005631202440177713,0.0012349153052168345,0.0009719493755329187,0.0016631989845282552,0.002833131395416538,0.003551358739092537
11,5.450252582323814e-06,4.436548640941184e-05,0.00029070432711636484,0.0008747321353938648,0.0013225981851703835,0.0015196843093476142,0.002566393021283815,0.003312449095435317
13,3.6446711285265664e-06,4.138662749166641e-06,0.00013966268110043476,0.0005222690865930516,0.000953778115394379,0.0015859556508339627,0.0022811481635577834,0.003187762898920936
15,5.969294929246504e-06,7.117794789871765e-07,8.29714849100368e-05,0.00036117351488306273,0.0007208995806849854,0.0015211557819317153,0.00207523946403236,0.002649282306161203
17,9.554651971473418e-06,1.3106340076063153e-05,5.5346250871186694e-05,0.0003143665264319952,0.0007207623325527954,0.00126919288053962,0.0018791165343435012,0.0025478388296948477
19,3.157530403314934e-06,4.390354178642532e-06,1.8909189341227648e-05,0.00017173003539884375,0.0005533951756088242,0.0008633542653875082,0.001656202786803442,0.002365845998074149
