,6,7,8,9,10,11,12,13
1,0.0,0.01121935196988899,0.006339243895931178,0.003973219892644512,0.0025649809404770995,0.0018015905988390674,0.0012065386578096267,0.0008667147514545191
3,0.0213131636453129,0.011588763246234873,0.007853764681886437,0.004765199337064669,0.002901670891253698,0.0018876617738616069,0.0012769192933511611,0.0008967339313407904
5,0.018943772871855512,0.011729495090022172,0.006430944270443076,0.0036822103422293243,0.0029000418109374573,0.0017802075218241258,0.001378212022221158,0.0008527215533096764
7,0.01898886584509039,0.01125361998731957,0.006485639091665055,0.004180542568199566,0.0027043919024742962,0.002105106313935184,0.0013044107792451205,0.0008585103208726907
9,0.021158363139354226,0.011025148636318562,0.006202446996490264,0.004639092129865352,0.0026256532590501454,0.0018681791360522268,0.0012851609098639082,0.0008619047733093568
11,0.0219402684843593,0.012322847776838364,0.006534571272246176,0.004693487323532766,0.003254852977942901,0.0018010460488330393,0.0012685617970068595,0.0008897493884312364
13,0.020027952763410493,0.01058804439489867,0.006950106208795501,0.00428058630937927,0.0027178222649783695,0.0018151317949949724,0.0013151334682212255,0.0008827419435709749
15,0.01934125346806953,0.011226041828252537,0.006637989431519684,0.004254723886322965,0.0026385344759851815,0.0019892934806174448,0.0012651184975055524,0.0008740427062305429
17,0.022927095739111163,0.011500658114220182,0.00800369297294895,0.0039370823563104305,0.002747548816112882,0.00201538521731579,0.00127057386674232,0.0008631830874632619
19,0.01936096993698396,0.01173854390309935,0.0065692752712634885,0.0043910469997836266,0.0026036801812018657,0.0017948434616595669,0.0012901868715210407,0.0008746892467420946
