,6,7,8,9,10,11,12,13
1,0.0,0.9140862173649059,0.966909532483303,0.9664541590771099,0.9717668488160291,0.9754098360655737,0.9779902853673346,0.98421372191864
3,0.8227079538554949,0.9186399514268366,0.9675166970248937,0.9738919247115968,0.9744990892531876,0.9755616272009715,0.9799635701275046,0.9828476017000607
5,0.8857012750455373,0.9615968427443837,0.9546144505160898,0.968882817243473,0.9749544626593807,0.9784456587735276,0.9825440194292653,0.9817850637522769
7,0.9477838494231937,0.9444444444444444,0.9670613236187007,0.9776867030965392,0.9693381906496661,0.9785974499089253,0.9792046144505161,0.982695810564663
9,0.9344262295081968,0.9508196721311475,0.9637219186399514,0.9746508803885853,0.9694899817850637,0.9775349119611415,0.9837583485124469,0.9833029751062538
11,0.9363995142683668,0.9482392228293868,0.9655434122647237,0.9697935640558591,0.9714632665452337,0.9746508803885853,0.9831511839708561,0.980722525804493
13,0.6270491803278688,0.9553734061930783,0.9673649058894961,0.968882817243473,0.9755616272009715,0.9755616272009715,0.9769277474195507,0.98421372191864
15,0.8026715239829993,0.9573466909532483,0.9714632665452337,0.9643290831815422,0.9704007285974499,0.9760170006071646,0.98224043715847,0.9825440194292653
17,0.9142380085003036,0.9581056466302368,0.9625075895567698,0.9647844565877353,0.9741955069823922,0.974802671523983,0.9804189435336976,0.9820886460230722
19,0.8044930176077717,0.9213721918639951,0.9567395264116576,0.9699453551912568,0.97434729811779,0.9784456587735276,0.9789010321797207,0.9825440194292653
