,6,7,8,9,10,11,12,13
1,-0.0009389875554611532,0.0017325466172048649,-0.0003623187325871434,0.0010646923947879097,8.58453754943059e-06,-7.941701214741006e-06,-8.06740582568944e-05,-0.00012302347438042033
3,-0.0023803799216159304,0.0036394006930062996,0.0004027230365940679,-0.0005145498707624786,-0.0005483958753882473,0.00039628195874407123,0.00023044812979080737,-0.00023768371041909829
5,0.0005769619617666755,-0.0016759961147589585,-3.4020494444986395e-05,0.00012749701777727042,-0.0002218389013134453,3.8334754958680575e-06,0.00036747451026081506,-0.00011132578861522238
7,0.0034700636806315583,0.0033110952318475186,0.0007380853274955362,-0.0008112332475159117,-0.0005610047721745835,7.09682356037676e-05,-0.00035007557696427755,8.789331840690473e-05
9,0.0019323170439927541,-0.0012486814730706577,0.0010254531335995984,-0.0001919187670063258,8.637649420427841e-05,0.00011959663389088975,-0.00013137105676364654,-3.600551045464205e-05
11,-0.0006768017717413505,-4.940370568279067e-05,-0.0015116215026457188,0.0008906214788738697,-0.0005662939753245251,-0.0005912610261831088,-7.051780120462398e-05,2.8010426151989254e-05
13,0.0008144361083358584,-0.0008110298873544203,0.0008805213249211423,0.00016976945268369127,-0.0005819890177008622,6.342113205131247e-05,1.0793821903003127e-05,-0.00017362127248001563
15,-0.0007423633862332993,0.0009487008724501276,-0.00024469069689732114,-0.0003318840368341216,-0.0002344957328636093,3.178939837656202e-05,-0.00013795240463582026,3.693629303674356e-05
17,0.001147264918081951,0.00033408652364836576,0.0011589181948986132,0.0007716586189195976,0.0008839439901182516,-0.0003742758784598572,0.00039008759450402333,7.721155987463884e-05
19,0.003494916198555863,0.0023808853673443864,0.0008861162809411361,-0.0010467099658623567,0.0002987791882953952,-0.0007915724680098248,1.3193544638811444e-05,0.0002442839548320296
