,6,7,8,9,10,11,12,13
1,4.297654366380316e-35,1.6590457069765436e-35,9.512217836289033e-36,5.130797742469121e-36,2.964051364721001e-36,2.1173005394954746e-36,2.2386114417059643e-36,1.8022973260395017e-36
3,5.612280228565929e-35,4.251339888957918e-35,7.887214445712303e-36,5.695035030863819e-36,8.00464633135945e-36,3.3742565340353764e-36,2.437534473223866e-36,3.0483213379111264e-36
5,8.981952334633099e-35,4.1258911318381635e-35,7.306432074329781e-36,7.831407851407014e-36,5.452530546289181e-36,4.557231804374694e-36,2.8592724589401322e-36,2.170263792045341e-36
7,1.1156099666139968e-34,8.209276387950593e-35,3.057413786714737e-35,9.481537433732571e-36,6.035458194861954e-36,2.5409559355771494e-36,2.767231251270747e-36,2.3199850381416373e-36
9,1.2178497632711161e-34,4.799966612373696e-35,2.2328750292739515e-35,9.447947682657824e-36,5.059158708626195e-36,2.5463852501100098e-36,2.750186583183824e-36,2.2184223262305915e-36
11,1.3834016856635239e-34,5.884648881807177e-35,2.2930603400360527e-35,1.6340311871910453e-35,8.262784890800023e-36,5.526234042085738e-36,2.368217040723814e-36,2.185009358485949e-36
13,1.311969244952755e-34,3.6790622192035957e-35,2.4117382496950706e-35,7.897441246564457e-36,8.20777175518154e-36,5.323351063973504e-36,2.616537582064508e-36,2.581885179504843e-36
15,1.0549168422923405e-34,6.037338985823269e-35,2.2009133378750935e-35,1.0797738458348287e-35,5.507073484167335e-36,4.9686089094144154e-36,2.5868222557782964e-36,2.246342153772544e-36
17,2.1859304868795127e-34,7.012728933305079e-35,2.1540698879948254e-35,1.558799548738419e-35,1.649829831266097e-35,5.741702156591463e-36,3.736308794088641e-36,2.25301859434323e-36
19,3.290406171002521e-34,9.425019665345036e-35,2.6376682639231146e-35,3.4988354253355223e-35,6.304411302330093e-36,1.4579891532118996e-35,2.408841849981744e-36,2.8620936453821055e-36
