,6,7,8,9,10,11,12,13
1,-0.16943507965975305,-0.14850461867996903,-0.11662607079882197,-0.10784118165024326,-0.08694945837098066,-0.08339431564705663,-0.07150808359703736,-0.06091778014066108
3,-0.022010582159996597,-0.012774803216860493,-0.008564402029414487,-0.006334311637863066,-0.0034147369738419544,-0.0015886418316424175,-0.0017518657736367907,-0.0002806790882665607
5,-0.005838747520859515,-0.002505665678585813,0.00013420598685173865,-0.00042553470404598073,0.0001517212504751669,-9.909113019581704e-05,-0.0002742626945729298,-6.634511327719814e-05
7,0.0022099600391212375,0.0004289711736523549,0.00030151055198692877,-0.00025413672590289977,-4.434769576475457e-05,5.627756345024944e-05,-7.207803331177006e-05,-3.6516583450308626e-06
9,0.0036217200121914563,-1.5911632582069069e-06,-0.0002739425517969544,-0.00024840487646354,-3.0135240838016958e-05,-1.8181566211322937e-06,1.3303283339244892e-05,-4.680248646397836e-06
11,-0.00485298958359098,0.0005192949417543569,1.6449986092764895e-05,-2.717639421440254e-05,2.855851362406228e-06,4.887175464793916e-05,-2.6398979040220774e-06,2.0351234594096013e-05
13,0.0009878904930132905,0.0003785058885683371,-0.0005265694755104883,4.96430893112351e-05,-3.996710051642932e-05,7.016508636202234e-05,-8.06385236500647e-06,-8.340784387405332e-06
15,0.00016853378678303852,-0.0006884311761403601,-7.449023295876933e-05,7.23542211992602e-05,2.2114043579314638e-05,-3.449712376277363e-05,-1.3469882284517334e-05,1.9686771480612827e-05
17,-4.0890528575811616e-05,-0.00030274859978008176,-4.160272038794577e-05,-5.522799400338773e-05,3.0459384590171088e-05,1.835577136989847e-05,4.148560425089414e-06,-2.014892047922835e-05
19,0.0001749174043122899,-0.0004385780960489761,-0.00014376874659406571,-1.621295124371108e-05,8.383732139562951e-05,-2.1604713384741195e-05,-2.5334445513255304e-05,-4.730552697408028e-06
