,6,7,8,9,10,11,12,13
1,0.008034257945448894,0.007592789848518727,0.004839320146374654,0.003778026808378166,0.0036288093518832497,0.0024899679137334514,0.0021241568351883346,0.0015541504656320926
3,0.0006339601753788144,0.00021609600408282098,9.725983761015581e-05,5.931985302140126e-05,1.8995565609567893e-05,9.828021190314302e-06,5.2161142212962436e-06,1.9176418498120345e-06
5,7.892169557530044e-05,2.279808400808252e-05,5.062243470744761e-06,2.673174030863244e-06,9.581633758364698e-07,4.267257770853841e-07,1.3606159744930983e-07,8.805123759864638e-08
7,0.00011202711203097689,1.5686235272497046e-05,2.885677085292141e-06,6.763381794705936e-07,5.55331881467945e-07,2.012537078532215e-07,7.280948311000147e-08,2.9519988446469182e-08
9,8.786896940942431e-05,1.5087015792443347e-05,3.2558780152078157e-06,6.23042013324347e-07,3.364556776048056e-07,1.3318036669655917e-07,5.587697761798676e-08,3.2366770817106235e-08
11,0.0001546738315186126,1.609890988239772e-05,2.921465335431973e-06,8.515875924121102e-07,2.1226199836001004e-07,1.180864119925935e-07,7.134260186891841e-08,2.4453435448611913e-08
13,9.561890136434173e-05,1.758243940066338e-05,4.2094551564899176e-06,9.044404787335805e-07,2.8964982904937203e-07,1.2596271995880902e-07,6.627943965302092e-08,2.1647882665028915e-08
15,7.662156295962303e-05,1.791919646706956e-05,3.3239804359056473e-06,6.566151420946394e-07,5.838785310798959e-07,1.4386085794417506e-07,5.135200161153238e-08,2.1202118066725783e-08
17,6.518880797706815e-05,1.555619148818115e-05,2.9254006083621075e-06,9.926224168484458e-07,3.5328262728398855e-07,1.5923594454016712e-07,5.7576193858486425e-08,2.4051720000013826e-08
19,9.720980915628098e-05,1.5977652050287143e-05,2.9873606821393935e-06,6.019711515077902e-07,4.034159198497937e-07,1.51767199683888e-07,6.370527917425177e-08,2.3641299428271246e-08
