,6,7,8,9,10,11,12,13
1,-0.1696746104087615,-0.1421649945670916,-0.12405847198456986,-0.10413767880485406,-0.09594451635539503,-0.0835302433436954,-0.06634590529191584,-0.06038848572749027
3,-0.025113633503873106,-0.018105254188289774,-0.009352590090844532,-0.003916321426116742,-0.005660764182787667,-0.00130078305027287,-0.0015914712093431805,-0.0011357095389762926
5,-0.002047616661938998,-0.0019963932228164154,-0.001083320716342411,4.4483740740554745e-05,-0.0003862421860992171,-0.00022306512817392391,-0.0001920558923108591,-0.00013615164833816852
7,0.0006149338668160137,-0.0010041615928149921,0.00021729656499673417,-0.00012671636577474429,-0.00019320858615313338,-2.524217838840455e-05,-2.0658860253676207e-05,-1.2527624171271052e-05
9,0.0007770185647877654,-0.000168094894954923,-0.00019688016232371567,0.00016506012418923937,-3.159640316362168e-07,-0.0001971505096794519,-2.9885826267410767e-05,-3.3409486446021015e-05
11,-0.0014281804962510355,0.0004510727072048916,0.0002545065926685338,-5.9454221864979124e-05,-1.1604792469952588e-05,-1.6180507848040935e-06,2.2425372232386136e-05,7.444865544444112e-06
13,-0.00029476843207612677,-4.073615287591051e-05,-0.00015231298013731694,-2.946777282466102e-05,-4.4015540845841526e-05,1.9293424543824222e-05,1.9963573453870915e-05,-1.699514986093103e-05
15,0.0016690203536795583,0.0005422182347483443,-3.694577615387582e-05,1.728350802852052e-05,9.782189631150776e-06,4.598491545035471e-05,-1.3231907883233632e-06,-1.18264750433747e-05
17,0.0010289763936419576,-0.00017935464110770572,7.490056931547187e-05,-4.406795068160522e-05,-6.292548941640965e-05,1.2581612548863289e-05,-2.9824632019041256e-06,2.9236048635551524e-06
19,0.0003070040473107329,-0.00021906915591349957,0.00016180454239657645,-8.647229430205058e-05,-3.058302070892993e-05,-6.764186880237116e-06,-2.3492780876800505e-06,1.7394049233129837e-06
