,6,7,8,9,10,11,12,13
1,0.007928198461267123,0.006114984643851953,0.005009886240972146,0.003849760941103469,0.004332727765381516,0.002563547578119149,0.002050439932481759,0.0014377753073732103
3,0.0006240101599286075,0.0003938178103659506,9.416679723623287e-05,4.164988784868046e-05,3.211346559717942e-05,8.097762145809548e-06,5.481432228756725e-06,3.885324488066592e-06
5,7.089535330150786e-05,2.4413095712699923e-05,4.446557970840234e-06,5.873962661596594e-06,7.865944938047711e-07,4.114189264406979e-07,1.5119284482346747e-07,9.056219175176223e-08
7,7.999231921372022e-05,1.5063172351908325e-05,2.56877307500497e-06,9.829603732640724e-07,5.153539944727097e-07,1.4837686983445264e-07,6.195467393267378e-08,3.6031164658490646e-08
9,0.00011730123732088463,1.210481492211033e-05,4.0246521212033904e-06,5.874712249255043e-07,2.6686981409194433e-07,1.7380416846202822e-07,5.665114069425859e-08,2.5040540156739812e-08
11,0.00013408851091477978,1.2641267609845353e-05,2.584304827004519e-06,1.1078743554267346e-06,2.6319042861657046e-07,1.4332092663089106e-07,5.569851342793682e-08,2.9762537249973592e-08
13,9.649730478686175e-05,1.4428638951989252e-05,3.14492281566878e-06,9.873163024176486e-07,3.99559405389913e-07,1.142654170629748e-07,7.450622489151528e-08,2.686233925080109e-08
15,0.00011131004573215957,1.3438266268854099e-05,1.9018651025101936e-06,1.1545474485456962e-06,3.6856256472744444e-07,2.7780530538331284e-07,6.1921660850792e-08,2.3269424596028158e-08
17,9.502486159903889e-05,1.5248377684997372e-05,3.38786732653975e-06,7.417704483672792e-07,2.7738075683188467e-07,1.760740309945959e-07,7.368897042744622e-08,2.924867598205088e-08
19,8.197245948261524e-05,1.2871679535597959e-05,2.826054381172015e-06,1.0694036670057977e-06,2.2470371876869548e-07,1.5334477867274797e-07,1.05746619905609e-07,2.266340244675607e-08
