,6,7,8,9,10,11,12,13
1,0.003621759561184326,0.008696158884478002,-0.015772833102008877,0.03307296590257262,-0.010027987716951783,0.0019086764512326318,0.00038302131847220574,-0.007720862427286537
3,0.008685735514600099,-0.005840072500998186,-0.007219442236989635,-0.0041084910231251985,-0.0016009367136917392,8.330909092553843e-06,-0.013973247709024311,-0.005656422186890976
5,-0.001381688309758313,-0.000965534756704176,0.007558987905190462,0.021726977083108473,-0.012924422562017614,-0.003082155761614237,-0.01781017369719292,-0.008142027010281341
7,0.0010115731505412823,2.3627590673400534e-05,0.018074011427516835,-0.0018639990145352997,0.00026806073841763203,0.0007146385061836493,0.016729931614018218,0.01009352371865406
9,0.01177343750106687,0.00047983385716317083,-0.02120311400228304,-0.0038563797025877675,-0.00868550062730167,-0.014162119342701255,-0.010621802006765782,0.011343202759516436
11,0.005592957065344213,-0.029537385937417452,-0.020987237187383795,0.008203641374996365,-0.000613577568791045,-0.0024539540771483077,-0.020118936351740398,-0.02108297092240772
13,-0.010184936463922227,0.0012198433352898594,-3.128639260789721e-05,0.0018025328980075294,0.025486758756305107,-0.004807249728915324,-0.013010498875889388,0.0001345062399897891
15,-0.011220343578772949,0.01971552072187591,-0.0025854821968241924,-0.008763619837328339,0.003894931717851184,-0.0076663898831611,-0.015644737379750914,0.008275998014982945
17,0.0006610268288903571,0.0011658893339634919,0.020061748696926784,-0.00030321517559996075,0.016934039611042825,-8.984320896950368e-05,-0.017848586613285304,-0.005440344831640198
19,0.01481855384938461,-0.00045675603596028835,0.010053032072743995,0.0013019609562548952,0.030575457785118595,0.0010733325029308465,0.008045231914286608,-0.00032047945455544963
