,6,7,8,9,10,11,12,13
1,1.6707442267559272e-34,9.589024637171761e-35,1.400512181434093e-34,5.720011934830091e-34,5.592720002568247e-35,3.054169422306467e-36,5.335239719964133e-35,3.405360114558134e-35
3,5.421643256726974e-34,1.812555865239128e-34,1.3505959893207755e-34,1.4640076842881097e-34,8.740035597233872e-36,2.1831740260952313e-36,4.875160635007096e-34,7.783841472500991e-35
5,6.489556364562006e-34,2.296821921958684e-34,4.823250804474784e-34,1.6062255736189547e-33,5.295855957234183e-34,4.394938278854369e-35,1.363618585936925e-33,2.9018347583947057e-34
7,8.591772845753359e-34,2.9576378445840403e-34,1.284414716974e-33,5.206217460017879e-35,1.216660162988084e-35,6.808404505245149e-36,1.3888964164570076e-33,5.729190194721311e-34
9,1.7371286245265246e-33,4.062688327077501e-34,2.4559819762690604e-33,1.48560856847882e-34,6.775210895766629e-34,1.2843394853355474e-33,8.56497157455461e-34,1.256112574588122e-33
11,1.6381237883228683e-33,4.8427508451617045e-33,2.2422639377528394e-33,5.467534556183076e-34,1.989289089896557e-35,6.6022533589640405e-34,3.6344103609910004e-33,4.943801981931272e-33
13,2.241045185209907e-33,6.402908324974193e-34,1.5621519300572696e-34,9.941672942418448e-35,6.380244793890339e-33,2.342938916330144e-34,1.81949222230446e-33,1.4082422322851004e-36
15,2.507560787592181e-33,2.9995757030723577e-33,2.6044817074106996e-34,6.7455696302162935e-34,2.0261102749417147e-34,6.665824093456509e-34,3.543711097672514e-33,9.381535778319417e-34
17,2.935728492308575e-33,6.203694946351638e-34,3.3042337461501136e-33,6.977910790633722e-35,3.658123373431268e-33,9.183711246272359e-36,3.876355310254647e-33,4.7509155841025835e-34
19,4.4720695161779235e-33,7.651095246451331e-34,1.5411351600297423e-33,1.2952255034196424e-34,1.1272467964498492e-32,3.0107466609870924e-35,7.814611212628115e-34,5.241223681785366e-34
