,6,7,8,9,10,11,12,13
1,-0.10356660659171918,-0.07289250747346264,-0.05373251699691535,-0.031116150864732975,-0.02070523138102563,-0.021374094712833757,-0.01610388939534438,-0.009408511901404194
3,-0.005045208741187912,-0.004170790950712709,0.00021128920584374843,-4.074938544000131e-05,-0.00047831430524287793,-0.0002784062901423885,-0.00011063812114623238,-0.00011569819077562882
5,-0.0017359365736677212,-0.00047635896165668546,0.0008730206850618868,-0.00014545892769887464,-6.402555143022806e-06,4.9926888976792064e-05,-4.281904826612605e-05,7.653653937913848e-07
7,-0.002735125239805164,3.7330145234056034e-06,-0.0003178921635915915,4.2069475936163086e-05,-0.0001097485241694135,4.059075840129576e-05,1.3152395499278163e-05,-9.322169914529974e-06
9,0.0006701838511924399,-3.511259797208031e-05,-0.00025304112348808544,-3.0828725050204354e-05,-2.482477876893354e-05,-3.896516488234079e-05,5.206126310891776e-06,-3.866193374599596e-06
11,-0.0002601042811798977,5.222599722106483e-05,-0.00014177918406680726,-2.2043371687294487e-05,-9.09924900743519e-05,-3.2179580791556423e-06,2.3464971832352532e-05,1.6694250603228808e-05
13,0.0001166004147061549,-9.102579208028773e-05,0.00026326252339600427,-0.0001337883427210115,-1.458675754717011e-05,6.555614030593734e-05,-2.1101987982584365e-05,7.827157634647975e-06
15,0.0002954428429523519,-0.0005920428388138117,0.00010857451520433038,-4.13605414434205e-05,-0.00010316293812877582,2.2914699999197165e-05,-2.80587606360805e-05,-1.778681432694182e-05
17,0.000434152281882063,0.00029869418864230296,0.00014537885840590955,-0.00011111256224167538,0.00011315245599038928,3.0688615994944663e-05,9.264648243327606e-06,-2.7275889299221825e-06
19,0.0007523875514190603,-0.0007194735477013861,0.00015286045495312863,-0.0002641097172564962,-7.477033826861511e-05,-1.2366873453576138e-05,2.3935122787066874e-05,2.895631702613379e-05
