,6,7,8,9,10,11,12,13
1,0.015629807347956277,0.008340324445531688,0.006038866807576586,0.002592472803158512,0.001202249404215895,0.0016394136531209516,0.0013061244427075324,0.000356595346081956
3,0.00013797133380962534,5.128323508813374e-05,6.201510925665076e-06,2.894705178043181e-06,6.848971160610084e-07,2.528726645095372e-07,1.9809341099359993e-07,1.0165833857700109e-07
5,0.00023237720097317297,2.755263938377569e-05,1.1182978817844049e-05,1.6759564358970398e-06,8.234056230018485e-07,2.565018410644483e-07,1.2926072826356412e-07,5.0154976654996205e-08
7,0.0003253141742890905,2.0707134416557034e-05,7.227593597858355e-06,1.6522978222817289e-06,5.587061628147821e-07,2.9451035222831875e-07,9.948002183271127e-08,5.191462167450879e-08
9,0.000124731000797812,1.9462567183013393e-05,7.631683459058473e-06,2.524487287055144e-06,5.41751536742727e-07,2.768620230049346e-07,1.4597896236166063e-07,7.0566335250553e-08
11,0.0001497715116408988,3.095172834301436e-05,5.7901335071493535e-06,1.808858566417741e-06,7.075158986070068e-07,2.2498887483200584e-07,1.0729401880753406e-07,4.300423895083747e-08
13,0.00016719938610711667,2.383988962661541e-05,7.705964282979534e-06,1.6626259943890668e-06,8.105684371065808e-07,4.0523762530504087e-07,1.3494723239588098e-07,5.294016636989914e-08
15,0.00021449710112235055,3.0986136417329274e-05,5.086329309934539e-06,2.020792089169859e-06,6.263253877453955e-07,2.9812644410515284e-07,1.9925804922865677e-07,4.314226497456744e-08
17,0.00016912529888396036,2.3094938274894425e-05,6.292016430887812e-06,1.604656452935336e-06,1.0876371439816372e-06,2.9548567348238535e-07,1.0987601175890057e-07,5.797605456624787e-08
19,0.0001796368438090611,3.2135790110184496e-05,5.788321320916526e-06,1.928159410795066e-06,5.772095916821312e-07,2.197357446489736e-07,1.0848173676842073e-07,6.236267930397088e-08
