,6,7,8,9,10,11,12,13
1,0.7058287795992714,0.76381299332119,0.8882817243472981,0.829083181542198,0.9291135397692775,0.942167577413479,0.9292653309046751,0.9470248937462052
3,0.7219186399514268,0.7812689738919247,0.8743169398907104,0.918488160291439,0.9198542805100182,0.9016393442622951,0.8989071038251366,0.9338190649666059
5,0.7946265938069217,0.9139344262295082,0.8252884031572556,0.897237401335762,0.8879781420765027,0.9113539769277474,0.9251669702489375,0.930327868852459
7,0.8687006678809958,0.9162112932604736,0.906648451730419,0.887370977534912,0.9350333940497875,0.9133272616879174,0.9351851851851852,0.9146933819064966
9,0.9074074074074074,0.8855494839101397,0.9242562234365513,0.897237401335762,0.9178809957498482,0.9491499696417729,0.9058894960534305,0.9295689131754705
11,0.8668791742562234,0.9072556162720097,0.8620218579234973,0.916970248937462,0.8946569520340012,0.8919247115968427,0.9231936854887675,0.9435336976320583
13,0.7630540376442015,0.8416818457802064,0.9280510018214936,0.912568306010929,0.9313904068002429,0.9404978749241044,0.9280510018214936,0.9318457802064359
15,0.8213418336369156,0.8996660595021251,0.8208864602307225,0.8463873709775349,0.9493017607771707,0.8894960534304797,0.9292653309046751,0.9442926533090468
17,0.8483606557377049,0.8055555555555556,0.8205828779599271,0.8919247115968427,0.8791742562234366,0.9266848816029144,0.9315421979356405,0.9282027929568913
19,0.8456284153005464,0.9260777170613236,0.8608075288403157,0.8372799028536734,0.9333636915604129,0.9137826350941105,0.9297207043108683,0.9297207043108683
