,6,7,8,9,10,11,12,13
1,0.0011528583926054548,0.004595681463053697,0.003596425378548679,0.0038538559133440547,0.007052790466218983,0.0042408677117905386,0.004367794339071918,0.004550020350090183
3,0.003126027870524968,0.0032526341379977616,0.0033073849429597763,0.004291399437461983,0.004331537466180081,0.005571132750142503,0.005168131920637033,0.0048070168776316105
5,0.0033205559344162625,0.004177985710231036,0.005298136727705502,0.003150177008636617,0.004207979523714847,0.00709678934867913,0.00390949582399066,0.0045819142396064305
7,0.002927127101038266,0.0055611355139046185,0.0028644409346112454,0.005754220536647684,0.00524053321448735,0.00481509038319206,0.005250617540451279,0.004720083812578622
9,0.003034643843461901,0.0014522850634315753,0.002647910486071249,0.0036308334620805873,0.004639759064657956,0.004114616736371941,0.005678219734535353,0.004711863681719941
11,0.004384763278303814,0.0033113242733190298,0.0036698163462641556,0.004772183780784924,0.004713335481065757,0.0036166149141911657,0.004105939912448621,0.004511092376069071
13,0.0023889534199793873,0.004556207825308602,0.003763186891951373,0.004569224632121336,0.005325611169436478,0.004047572214855065,0.004034036772679633,0.004714233380988772
15,0.0019749460986450418,0.004658755987071238,0.003990741526285082,0.005024009513687431,0.005855615222992384,0.005124082802564709,0.004246991503749386,0.004469176533220246
17,0.0033378934078078897,0.0068640641742666215,0.002018397356269119,0.0050530051008876534,0.004463546393541077,0.005118683558126523,0.004024016803749853,0.004410510392327347
19,0.002225968816477804,0.0024222672266509017,0.007008190047021995,0.004224568494602485,0.0036341113839194745,0.0050237144148425825,0.0041408735761667426,0.0043582066540315875
