,6,7,8,9,10,11,12,13
1,0.002838857199623316,0.00638084600764425,0.006527668828410769,0.0075859799719984865,0.01092891600064124,0.006932157709498861,0.0070454787762326615,0.006732197699246839
3,0.00637542949797573,0.004947757402328704,0.0056441070666971484,0.006951526071209644,0.0068550031114073505,0.008712836628523807,0.008394333054478125,0.007595035592588362
5,0.005853351946971572,0.007466364746621671,0.008731508484613069,0.005951811303643531,0.007250171543823147,0.01066320319534288,0.006141113057691276,0.007265134102554239
7,0.0058211116416226815,0.01111701847628205,0.005683949528154578,0.010091361568161858,0.009428343905195405,0.007665590501028306,0.00801871417127171,0.00710910993949771
9,0.005829631051960466,0.0036964649344862328,0.005332791147886097,0.005960164117672075,0.008448055173591441,0.007245763567367411,0.00903871618720894,0.007219807619111992
11,0.006971598841872265,0.006128052912360581,0.006286191676605813,0.008212715005728113,0.00823047772492159,0.006288773979243939,0.006927872907505569,0.007237682899733128
13,0.0057649884028663076,0.00655446968231504,0.0072014308767507544,0.007706964432117653,0.008807375439808137,0.006860478034392594,0.006141668041081186,0.007262297329718147
15,0.0033439832449232614,0.008483322705034022,0.00639526256783889,0.008386839301171404,0.00953850745222165,0.008616457634932335,0.006917793251810251,0.007125282171432013
17,0.006455240700374127,0.01045056181323434,0.004045928279977085,0.008482346765463486,0.0073868321704956144,0.008162613559729016,0.006616261057357448,0.0068394798958821305
19,0.004674074435493592,0.0048167078854258975,0.010318219640299693,0.006831320828149344,0.006742846255971692,0.007832659290731701,0.006698379256105059,0.0068142978558143
