,6,7,8,9,10,11,12,13
1,0.7753491196114147,0.897237401335762,0.9571948998178507,0.9719186399514268,0.976775956284153,0.9769277474195507,0.9798117789921068,0.98224043715847
3,0.8257437765634487,0.9178809957498482,0.9725258044930176,0.9675166970248937,0.9764723740133576,0.9795081967213115,0.9784456587735276,0.98421372191864
5,0.8715846994535519,0.9558287795992714,0.9700971463266546,0.9673649058894961,0.9770795385549484,0.9785974499089253,0.9808743169398907,0.980722525804493
7,0.9351851851851852,0.9658469945355191,0.9685792349726776,0.9690346083788707,0.9766241651487553,0.9766241651487553,0.9814814814814815,0.9825440194292653
9,0.918488160291439,0.9486945962355798,0.9694899817850637,0.9705525197328476,0.9769277474195507,0.97829386763813,0.9789010321797207,0.9831511839708561
11,0.9453551912568307,0.9497571341833637,0.9635701275045537,0.9752580449301761,0.9741955069823922,0.9770795385549484,0.9796599878567092,0.9823922282938676
13,0.8671827565270188,0.9567395264116576,0.9655434122647237,0.9647844565877353,0.976775956284153,0.9741955069823922,0.9801153612629022,0.98224043715847
15,0.9162112932604736,0.9505160898603522,0.9587128111718276,0.968882817243473,0.9789010321797207,0.9808743169398907,0.9775349119611415,0.9831511839708561
17,0.9075591985428051,0.9392835458409229,0.9641772920461446,0.964936247723133,0.9741955069823922,0.9766241651487553,0.9784456587735276,0.9811778992106861
19,0.9122647237401336,0.9555251973284761,0.9480874316939891,0.9678202792956891,0.9726775956284153,0.9737401335761992,0.97829386763813,0.9804189435336976
