,6,7,8,9,10,11,12,13
1,0.01862539746332649,0.012112200018764386,0.0065943679478488604,0.003956490460315836,0.0032245669043348708,0.0020107141231462803,0.0012431762574314177,0.0008876353113416102
3,0.020757119926941237,0.010690825842005409,0.006830337654269648,0.004210010154140334,0.002770873045600246,0.002042126079199019,0.0012825104164947104,0.000863262287848495
5,0.020103617070652655,0.011614809963919327,0.0070001664628203016,0.004112378125188688,0.0025192061640578614,0.0021152483085173437,0.0012074569054254447,0.0008748992609931025
7,0.019429923353073173,0.01159738514768675,0.0066711945258457785,0.004430384564864866,0.0029375240736588403,0.0018930718173023374,0.0013538571753707329,0.0008613768654506954
9,0.019295485232358276,0.010596891974304787,0.006524287239974386,0.003997152166694405,0.002801255866395691,0.0018106486722822912,0.0014144839224870499,0.0008986345993373066
11,0.02182669585398587,0.011421019889947403,0.006865234622179958,0.004405473559800631,0.0026426194679935256,0.0016775096123711956,0.0011984120936355718,0.0008439799825648331
13,0.019054644538409285,0.01177452831318681,0.006797245147029409,0.00426206597929542,0.0030314731966357192,0.0017712718781475317,0.0012094580752992012,0.0008739694449983152
15,0.019584651663953987,0.011564285867139805,0.007199718051922386,0.004290266377533572,0.002969673575129824,0.001820284123488699,0.0012681395359069553,0.0008611269055072567
17,0.020749087532603305,0.012477905221906772,0.00591623406156717,0.004426888014058864,0.0027353881388555335,0.0019317562103213014,0.001198886484354972,0.0008691031327925111
19,0.019182529033221637,0.011125966470772828,0.0070176138707884195,0.004097377305891131,0.0025323153675419863,0.0018468589523112557,0.0012488963268016801,0.0008747062691698529
