,6,7,8,9,10,11,12,13
1,0.8471463266545234,0.9119611414693382,0.8424408014571949,0.8717364905889496,0.941712204007286,0.8964784456587735,0.947632058287796,0.8986035215543412
3,0.7583485124468731,0.8902550091074681,0.9218275652701883,0.939738919247116,0.9517304189435337,0.9429265330904675,0.9550698239222829,0.9679720704310868
5,0.9266848816029144,0.9154523375834851,0.9547662416514876,0.9316939890710383,0.9650880388585307,0.9710078931390407,0.9700971463266546,0.9675166970248937
7,0.8520036429872495,0.9412568306010929,0.9512750455373407,0.9553734061930783,0.9702489374620522,0.9711596842744383,0.9746508803885853,0.9704007285974499
9,0.8764420157862781,0.9479356405585914,0.9467213114754098,0.9581056466302368,0.9720704310868246,0.9717668488160291,0.9710078931390407,0.9714632665452337
11,0.8995142683667274,0.932301153612629,0.9596235579842137,0.9679720704310868,0.9696417729204615,0.9772313296903461,0.9723740133576199,0.9725258044930176
13,0.7873406193078324,0.9347298117789921,0.9462659380692168,0.9704007285974499,0.9734365513054037,0.9757134183363692,0.9769277474195507,0.9760170006071646
15,0.8878263509411051,0.9644808743169399,0.9664541590771099,0.9682756527018822,0.9734365513054037,0.9764723740133576,0.9723740133576199,0.9723740133576199
17,0.9291135397692775,0.9198542805100182,0.9438372799028537,0.9637219186399514,0.978749241044323,0.9720704310868246,0.974802671523983,0.9766241651487553
19,0.8979963570127505,0.9212204007285975,0.9700971463266546,0.9714632665452337,0.9785974499089253,0.9741955069823922,0.9799635701275046,0.9726775956284153
