,6,7,8,9,10,11,12,13
1,0.0024025770068114467,0.002381865730578279,0.004259200355403317,0.003654380675997589,0.00585376582362586,0.006052545252050042,0.005309644740436756,0.004583507883836251
3,0.005514003407068091,0.00430144143327791,0.004832662547603426,0.003447923051448483,0.0032416780322846455,0.004060822322508475,0.004036242673097102,0.0034160372871692426
5,0.0031497151811543597,0.0030664295061768442,0.003102025084158107,0.0032797059211691635,0.002813032059419683,0.0027641445709960582,0.0031616153180746387,0.0028773862156228364
7,0.002799150328255652,0.002560688105295292,0.0017951729559263071,0.0020801246187503817,0.0020681866379484567,0.0024892837285278857,0.00233510767792393,0.002567478085463339
9,0.0003991078458135816,0.0014304393704620676,0.00141847677979858,0.0012891309444192003,0.0017338451411858767,0.0014996103101669075,0.0027873189827819006,0.002399920263815548
11,3.0328901341775127e-05,0.0008677755761448327,0.0010203528337694714,0.0011159107180730892,0.0013363775773533714,0.0020357392900316566,0.001651533813439332,0.002246197370362103
13,9.039883787295699e-07,0.00023379402374350267,0.0007708196006764555,0.0009863862333769078,0.0012404650026447434,0.0016860520386860942,0.001979641179587349,0.002038203250198116
15,2.8412877010539073e-07,0.00016506757358037381,0.0005737651518720509,0.0008363368538240419,0.000995657463670189,0.0011028601291109966,0.0016514419765019097,0.0019510072790309436
17,-1.6503152316937886e-10,3.832944087782224e-05,0.00035353705035698693,0.0007018903801703918,0.0007826161424323679,0.0011430868752312685,0.0016460706281434614,0.0018531581200258484
19,-2.762406206557877e-10,8.108921167539543e-06,0.0002098041660631659,0.0005994621966822558,0.00081739841926495,0.0011317697367501265,0.001658767116022343,0.0017422182240555836
