,6,7,8,9,10,11,12,13
1,0.0024279887432770413,0.0028976671106736886,0.005317164625916646,0.0040361443033415005,0.006572741478617757,0.0067114191837096175,0.005038001904685986,0.004925369997771417
3,0.0019393759335661262,0.0015396596600761217,0.0040155130321595225,0.003457532899424095,0.0033628508729295517,0.004175874227779872,0.00423890536795183,0.0037057089779213995
5,0.000931798249581483,0.0010300247026676674,0.0022895609935101708,0.0028954214663968166,0.0027762414094653393,0.0030638942566455856,0.0037829489586638956,0.0032941025802831255
7,0.0009855172684390746,0.0014252761739320609,0.0014326035925239411,0.002006235036286597,0.001946700105571002,0.003136715399489547,0.002994546282171161,0.003252261503400326
9,0.00047214897804655876,0.0008735346450156127,0.0010066006973558747,0.001138970567534933,0.0019147238230926742,0.0018062395980575241,0.0037811563302053743,0.0032681813979079134
11,0.00013419484151014105,0.0005959747297156376,0.0008074977749925156,0.0008384509909416004,0.0015051327480888467,0.0028722775585066757,0.002160539603244879,0.0029224443479100395
13,1.3061247954067102e-05,0.00039511440891050063,0.0006737747432858376,0.0008455363018222335,0.0015434050789344055,0.0020964934792891553,0.002832799528262202,0.0027586139869942156
15,6.327933569256108e-06,0.0002654040548892745,0.0006632792388479896,0.0007581014160990402,0.0011691188861225345,0.001354238165591483,0.002402221996221776,0.002658781401876042
17,1.6660683414594477e-06,0.000133347488213236,0.00035474867427470573,0.0007678549549459978,0.0008922145779066946,0.0016041230297348997,0.00235911806665759,0.0026209629252235273
19,1.1622831293084854e-09,6.120470836188771e-05,0.00039757933199617286,0.0007318905037130475,0.001018292337817351,0.001547861082319226,0.0025224338189580846,0.0025756254995884555
