,6,7,8,9,10,11,12,13
1,0.9154523375834851,0.9571948998178507,0.9676684881602914,0.9667577413479053,0.9766241651487553,0.976775956284153,0.9798117789921068,0.982695810564663
3,0.8504857316332726,0.9233454766241651,0.9670613236187007,0.9673649058894961,0.9711596842744383,0.9769277474195507,0.9808743169398907,0.9820886460230722
5,0.9310868245294475,0.9324529447480268,0.9682756527018822,0.9697935640558591,0.9757134183363692,0.9795081967213115,0.9804189435336976,0.9837583485124469
7,0.8431997571341834,0.9529447480267152,0.9625075895567698,0.9650880388585307,0.9792046144505161,0.9820886460230722,0.9823922282938676,0.9837583485124469
9,0.858682452944748,0.9518822100789314,0.9538554948391014,0.9609896782027929,0.97434729811779,0.9731329690346083,0.980722525804493,0.9823922282938676
11,0.8973891924711597,0.9365513054037644,0.9622040072859745,0.9699453551912568,0.9737401335761992,0.9784456587735276,0.97829386763813,0.98224043715847
13,0.7873406193078324,0.9345780206435944,0.9502125075895568,0.9713114754098361,0.9769277474195507,0.9784456587735276,0.9837583485124469,0.98224043715847
15,0.8876745598057073,0.9655434122647237,0.9666059502125076,0.9679720704310868,0.9738919247115968,0.9792046144505161,0.9820886460230722,0.980722525804493
17,0.9291135397692775,0.9190953248330298,0.9486945962355798,0.9644808743169399,0.9789010321797207,0.9761687917425622,0.9805707346690953,0.9843655130540376
19,0.8979963570127505,0.9215239829993929,0.9702489374620522,0.9707043108682453,0.9792046144505161,0.97632058287796,0.9831511839708561,0.9820886460230722
