,6,7,8,9,10,11,12,13
1,0.019703981645995187,0.010851763371594568,0.006997958308777421,0.003929014447561852,0.0029040868763030225,0.001977655677278331,0.001384668382827536,0.0008525453811407209
3,0.018331838452243142,0.010149799912873004,0.00690108541830884,0.003793799538922407,0.002545574745566387,0.0017862470612692665,0.0013116339049659448,0.000861925671282163
5,0.018712278661303008,0.011389590298372857,0.006420014849210573,0.0044686224125551404,0.0028125098223317955,0.0018737590650594682,0.0013708936030436968,0.0008410550780021684
7,0.018667041405999507,0.010989262818760184,0.00676443315826128,0.00414316056673693,0.0028104422258130026,0.001999324178949129,0.001244650378459087,0.0008419195441725135
9,0.02033642384172802,0.012104982710144908,0.006518592850273742,0.003986129006523648,0.0030927686881615114,0.0017818563098095405,0.0013911335821636427,0.0008457732111686856
11,0.019710130023706342,0.011397769184662584,0.006858803437360146,0.0038596812098864,0.0027401652570883785,0.002309548742057275,0.0012153994016213903,0.0008762507283051354
13,0.020662897999273316,0.012009535094583872,0.0065080243144788035,0.004489347189302976,0.0027054326550893697,0.002212812840995138,0.0013318703783818933,0.0008493484051878834
15,0.020910642918459017,0.010809575446344994,0.0063174667323453925,0.004151352680173612,0.0029664567054877478,0.0018058033657807708,0.0012298652601794875,0.0008748599104841109
17,0.020026829391771736,0.010987761779533305,0.006799363139150255,0.004425425603674321,0.002695908778257698,0.0019199112725244228,0.0013790636152769297,0.0008511402309610934
19,0.019759965367647073,0.010773336356071491,0.0068493464672867484,0.004372260925339766,0.002773587253273382,0.0020107944661681442,0.0014783426421604278,0.0009027372168565315
