,6,7,8,9,10,11,12,13
1,0.8746205221615058,0.8772009714632666,0.857164541590771,0.8729508196721312,0.8984517304189436,0.9403460837887068,0.9030054644808743,0.9221311475409836
3,0.8536733454766242,0.8864602307225258,0.9338190649666059,0.9289617486338798,0.9597753491196114,0.9549180327868853,0.9602307225258045,0.9652398299939283
5,0.9256223436551305,0.9180327868852459,0.9055859137826351,0.9655434122647237,0.9684274438372799,0.9773831208257437,0.964936247723133,0.9673649058894961
7,0.8885853066180935,0.9247115968427444,0.9619004250151791,0.9637219186399514,0.9757134183363692,0.9751062537947783,0.9704007285974499,0.9697935640558591
9,0.7750455373406193,0.922890103217972,0.9713114754098361,0.9661505768063146,0.9640255009107468,0.9735883424408015,0.9713114754098361,0.9760170006071646
11,0.8961748633879781,0.943685488767456,0.942167577413479,0.9581056466302368,0.9764723740133576,0.9746508803885853,0.9758652094717668,0.9691863995142683
13,0.9134790528233151,0.9571948998178507,0.9678202792956891,0.9653916211293261,0.97632058287796,0.9704007285974499,0.97434729811779,0.9729811778992107
15,0.928354584092289,0.9420157862780814,0.9552216150576807,0.9713114754098361,0.9775349119611415,0.9769277474195507,0.9752580449301761,0.9729811778992107
17,0.8911657559198543,0.951578627808136,0.9690346083788707,0.9726775956284153,0.976775956284153,0.9779902853673346,0.9738919247115968,0.9755616272009715
19,0.831056466302368,0.9272920461445051,0.9537037037037037,0.9711596842744383,0.9725258044930176,0.9754098360655737,0.9737401335761992,0.9760170006071646
