,6,7,8,9,10,11,12,13
1,0.00397234589150695,0.0039671554954926885,0.003497139954907462,0.006085306784095494,0.004964937074237014,0.004960857036803195,0.004140664554277494,0.00447500554852934
3,0.0026232608771933966,0.00395018013250201,0.004769146291378588,0.004470911191839969,0.003954973458971509,0.004764794130831272,0.003676453505598794,0.0036729512759149084
5,0.002599928141799275,0.002977300519081176,0.0033126683578572694,0.0031742989906463105,0.002443713094670584,0.0031498114510745343,0.00313928066767897,0.002910741969166091
7,0.0014505613752002836,0.0019012123337824698,0.0019355085953499983,0.0019513450656422262,0.002430921695242964,0.0023263013784502896,0.0020614195698342094,0.002640332962350957
9,0.0004935856011504119,0.000940837762430452,0.001472381228732023,0.0018527705416546492,0.0013390049794932825,0.0017134764426762362,0.0022459607124310638,0.002485347639828602
11,2.5593324351681768e-05,0.0006356441136176842,0.0009055263629540638,0.0011662397123828267,0.0016105668448293518,0.0015317455130097416,0.0018635958429260016,0.00228877634627724
13,7.552680706297832e-07,0.000263675726896246,0.0005847424899010989,0.0009318826865945384,0.0011801450346171994,0.001344631982567886,0.0016137909416786495,0.0020724689316254353
15,1.0565317689545384e-06,0.00010692384590917266,0.0004356341872130149,0.0007141997842301843,0.0009736561129681885,0.0012981800694772255,0.0017114014189058453,0.001769209468535438
17,4.9122163281456466e-08,2.5060848692590523e-05,0.0004173512151441471,0.0007160401770075868,0.0007798576014910502,0.0012481307521764462,0.0015997408947842782,0.001916843526238894
19,-1.4173473922296509e-09,9.81348338184064e-06,0.00022331144698126484,0.000516418313488181,0.0006326445966046974,0.0010865497460112211,0.0011300939439947717,0.0017068914691142176
