,6,7,8,9,10,11,12,13
1,0.006442858758765754,0.006749588714332365,0.0063280297377800885,0.009968603709415616,0.008487699801785967,0.008459838595361806,0.0069172574617695545,0.007358869965336921
3,0.004341330129193944,0.0029959318566128088,0.004800973300829905,0.006025352957491677,0.005563445424435982,0.007492103947436286,0.006044624451682322,0.005764315049933848
5,0.0028102623475046123,0.0018622056427843657,0.003445333155268165,0.004671137928452395,0.0036862092264839568,0.005155367437038176,0.005266462196114903,0.004759305964854806
7,0.00180581880303456,0.0021000305965639147,0.0020713547776453145,0.0029057634295552234,0.003627708994050331,0.004206441056231994,0.003674980362276357,0.004950203291306477
9,0.0010589673624146986,0.0011486059327527516,0.0013713828031855831,0.002613445404025226,0.0016327757902186652,0.002982009157708522,0.004305115162552983,0.0048290202978163305
11,0.0002616838577573483,0.001200962659143934,0.0009580977885489068,0.001529911980999094,0.0027038004590177515,0.002616151633483461,0.003704976278588368,0.004498793914347041
13,3.1013688020998467e-05,0.0005477652508608375,0.0009678524503686631,0.0013933433655754324,0.001910070251889306,0.0026023641309986284,0.0031284599753639308,0.004421493260691622
15,2.0676202687145096e-05,0.0003930911575225984,0.0006133638095992925,0.0010039914608830358,0.0015620843700392861,0.0026175879213664334,0.003612614422981376,0.003579398980889026
17,5.212240411239548e-06,0.000153453645164926,0.0008348292895935462,0.0011279060663268766,0.0014029085664704513,0.0026379912042911345,0.003392922789388122,0.004037347992151826
19,4.392867660086043e-08,9.593770483043879e-05,0.0004827424226941549,0.0008163220058218486,0.0009414478169212638,0.0019895133126946745,0.002222651770638464,0.003543841858439252
