,6,7,8,9,10,11,12,13
1,0.0,0.9471766848816029,0.9690346083788707,0.9716150576806315,0.9755616272009715,0.9792046144505161,0.9805707346690953,0.9816332726168792
3,0.8869156041287188,0.9247115968427444,0.9570431086824529,0.9679720704310868,0.9685792349726776,0.9799635701275046,0.9789010321797207,0.9814814814814815
5,0.9353369763205829,0.9374620522161505,0.9603825136612022,0.976775956284153,0.9738919247115968,0.9792046144505161,0.9779902853673346,0.9825440194292653
7,0.8904068002428658,0.9338190649666059,0.9685792349726776,0.9687310261080753,0.9799635701275046,0.9778384942319368,0.978749241044323,0.9814814814814815
9,0.7718579234972678,0.9227383120825744,0.974802671523983,0.9700971463266546,0.9694899817850637,0.9776867030965392,0.9775349119611415,0.9849726775956285
11,0.8993624772313297,0.9411050394656952,0.9497571341833637,0.9637219186399514,0.9772313296903461,0.9758652094717668,0.9828476017000607,0.9795081967213115
13,0.9134790528233151,0.9582574377656344,0.9714632665452337,0.9720704310868246,0.9773831208257437,0.9766241651487553,0.9792046144505161,0.9828476017000607
15,0.9282027929568913,0.9427747419550698,0.9564359441408622,0.9741955069823922,0.9778384942319368,0.9784456587735276,0.9814814814814815,0.9814814814814815
17,0.8910139647844566,0.9511232544019429,0.9687310261080753,0.9737401335761992,0.97829386763813,0.97829386763813,0.9799635701275046,0.9840619307832422
19,0.831056466302368,0.9271402550091075,0.9578020643594414,0.9720704310868246,0.9732847601700061,0.9764723740133576,0.976775956284153,0.9839101396478446
