,6,7,8,9,10,11,12,13
1,0.0,0.011653788436630255,0.006412300375919711,0.004416251093708053,0.002572152937076945,0.001849600301537907,0.00122313059319783,0.0008732251990750385
3,0.020213866277907597,0.01056751956449447,0.007137856498747723,0.004350018862127151,0.00282327622121882,0.00208644316521793,0.0013023547899067632,0.0008786626614729018
5,0.020666795232411744,0.011306445703497803,0.006159012656887558,0.004193280553712372,0.002900710812058317,0.0020340780039216216,0.0013367020031624746,0.0008916194930598495
7,0.021174239642773096,0.011765859910354646,0.006883539107272446,0.004256143941302429,0.0032488992708257433,0.001881590752863974,0.0012057374197180885,0.0008513952463649802
9,0.021277466775433747,0.010969214992633317,0.006954602726883051,0.004341920083781198,0.0024542046721927834,0.0018716989109510691,0.0012264504769343224,0.0008678062940877496
11,0.02057484601787898,0.01183641581441624,0.006480919203485905,0.0041704122654671405,0.0029619440299923487,0.0018745311899682994,0.0013151383257842954,0.0008893004387455984
13,0.019389567436474846,0.011590117143114333,0.006699351552616476,0.00407884155609296,0.0027843858350912023,0.0018404335549236995,0.0013270628338551593,0.0008555176102003365
15,0.018818260797740582,0.011473803758385642,0.006487556637643338,0.0038936527985238777,0.0028270172675073594,0.0019309937403507692,0.0013046882895904784,0.0008487728958168474
17,0.01875144383756701,0.011778244254733235,0.006682838935607064,0.004395393741704156,0.0026690935367234348,0.002101133379237176,0.0013375522559003043,0.0008506187743903663
19,0.019659627837774057,0.011078523017866307,0.006173328373014932,0.004486356985885254,0.0025682871161490056,0.0019790356716700955,0.00125726103068624,0.00086074934922905
