,6,7,8,9,10,11,12,13
1,0.7114450516089861,0.8011536126290225,0.76381299332119,0.9286581663630844,0.932301153612629,0.9156041287188827,0.8796296296296297,0.8711293260473588
3,0.7720097146326654,0.8829690346083788,0.8659684274438373,0.9310868245294476,0.9546144505160898,0.9670613236187008,0.9509714632665452,0.9544626593806922
5,0.9028536733454766,0.9385245901639344,0.9523375834851244,0.9659987856709168,0.9667577413479052,0.9632665452337584,0.9735883424408016,0.9685792349726776
7,0.8542805100182149,0.9359441408621736,0.9603825136612022,0.9685792349726776,0.9731329690346084,0.976775956284153,0.9694899817850636,0.9684274438372799
9,0.8482088646023073,0.9505160898603522,0.9579538554948392,0.9726775956284152,0.9675166970248936,0.9734365513054036,0.9744990892531876,0.9719186399514268
11,0.9124165148755312,0.9631147540983608,0.9656952034001214,0.9729811778992108,0.9722222222222222,0.9746508803885852,0.9735883424408016,0.9740437158469946
13,0.8817547055251973,0.940194292653309,0.9705525197328476,0.966909532483303,0.976775956284153,0.9731329690346084,0.9761687917425622,0.9693381906496661
15,0.839404978749241,0.9438372799028536,0.9590163934426228,0.9720704310868246,0.9735883424408016,0.978749241044323,0.971311475409836,0.97434729811779
17,0.900728597449909,0.8951123254401943,0.963418336369156,0.9647844565877352,0.9744990892531876,0.9775349119611416,0.9761687917425622,0.9776867030965392
19,0.9016393442622952,0.9118093503339404,0.9588646023072251,0.9746508803885852,0.9717668488160291,0.9737401335761992,0.9729811778992107,0.9805707346690953
