,6,7,8,9,10,11,12,13
1,0.0097483424802794,0.0087100932734463,0.0068719597723819,0.0066911854687491,0.0063340603720675,0.0082617491243518,0.0065691703168206,0.005909758965911861
3,0.0052571923947666,0.0046570878267384,0.0028834954761911,0.0034188109037142,0.0033034609514554,0.0035618875179649,0.0037396787617369,0.0038958629509758666
5,0.0026354737195827,0.0027160639300115,0.0022725882622833,0.0021854380177396,0.0025605160148392,0.0027037685819579,0.0026560982361232,0.002658042390092515
7,0.0009475258711718,0.0018796987177414,0.0021248791872624,0.001715655079487,0.0019391871077018,0.0024813136080273,0.0023380994628451,0.002679981034046994
9,0.0002253982229382,0.0010717573421354,0.0014809909295773,0.0015747086633144,0.0014747707572186,0.0015552326847511,0.0018755001097067,0.002769283194783723
11,4.6870143228933125e-05,0.0008190293259584,0.0008854916583255,0.0011930891309988,0.0013738089053563,0.0016511923188776,0.001902275706021,0.0023046451273218836
13,8.724566497135544e-07,0.0001928826216131,0.0007458090207298,0.0009622335750647,0.0014531063916681,0.0014351996598559,0.0015087882196776,0.002257818063014407
15,1.3663361719366829e-06,0.0001344376114773,0.0005701939700398,0.0007428800840072,0.0011662690721754,0.001616226278923,0.0014090141323157,0.002080741857443724
17,8.62856565815584e-08,2.076965173151632e-05,0.0004049661630768,0.0006438232215395,0.0008330487757994,0.0012900279843807,0.001468101203891402,0.0018620580329167364
19,-1.045011611966462e-10,2.6915072042152377e-06,0.0002213250753096,0.0005561567301154,0.0007584152019852,0.0010423041395587,0.0014368802045579272,0.0021049604018881216
