,6,7,8,9,10,11,12,13
1,0.0075075191774222,0.0087510878359369,0.0065798799320749,0.006502538830433,0.006422551880184,0.0107807738877982,0.0079871830967763,0.008448503586065297
3,0.0039526190298084,0.0043943696435898,0.0046259516375506,0.0046592775665424,0.0051323618993376,0.0058275751885264,0.0062097994734527,0.005996854528256378
5,0.0023273707643151,0.0025714767947607,0.0021300869451095,0.0024219713537988,0.0034919757481839,0.0046990765683334,0.0045382876852335,0.0045730643166815845
7,0.0013951781835044,0.0016410658450262,0.0027316385113097,0.0020407053092166,0.0030273306938575,0.0044631165128596,0.0045198734469876,0.005221801971249211
9,0.0007163816802009,0.0011322980154363,0.0015159753516663,0.0026310137045907,0.002092934211595,0.0026686693957508,0.0035616244908108,0.005347729964515617
11,0.0002856990224897,0.0009926831913051,0.0011455607651361,0.0017774730369251,0.0022841467436587,0.0033287684252991,0.0037351448853404,0.004680014201418186
13,3.2493359892609226e-05,0.0006385155538756,0.0012635612508388,0.0012751824921244,0.0027757826364792,0.0027528429157177,0.0030313832595711,0.004677076930364945
15,4.250563019052471e-05,0.000424016899692,0.0009177151891521,0.001082589401468,0.0020014142364154,0.0033283187164292,0.002907530631504,0.004143538382057904
17,6.137400383337295e-06,0.0001656329141891,0.0008382969052668,0.0009784997993882,0.0013181058638105,0.0025495736045263,0.002853509527068767,0.0038129639776589863
19,1.509495909102844e-08,4.027168193478008e-05,0.0006521936655893,0.0011385174089218,0.0012848650010926,0.0020355716119069,0.002997873506576587,0.004503690241935941
