,6,7,8,9,10,11,12,13
1,0.8506375227686703,0.9395871281117184,0.957498482088646,0.9741955069823922,0.9755616272009716,0.9751062537947784,0.9805707346690952,0.9823922282938676
3,0.8494231936854888,0.9540072859744992,0.9571948998178508,0.9754098360655736,0.9737401335761992,0.97434729811779,0.980722525804493,0.9798117789921068
5,0.908621736490589,0.9455069823922284,0.966909532483303,0.9700971463266546,0.9731329690346084,0.9719186399514268,0.97829386763813,0.9831511839708561
7,0.8668791742562234,0.9442926533090468,0.9672131147540984,0.9729811778992108,0.9764723740133576,0.9799635701275046,0.9784456587735276,0.9802671523983
9,0.846842744383728,0.9527929568913176,0.9637219186399514,0.9749544626593808,0.9699453551912568,0.976775956284153,0.9775349119611416,0.9817850637522769
11,0.9119611414693382,0.9637219186399514,0.9696417729204616,0.9757134183363692,0.9729811778992108,0.975258044930176,0.9776867030965392,0.9795081967213115
13,0.8814511232544019,0.9394353369763204,0.9705525197328476,0.9661505768063146,0.9755616272009716,0.9746508803885852,0.9819368548876746,0.9802671523983
15,0.8392531876138434,0.9455069823922284,0.9625075895567698,0.972829386763813,0.9758652094717668,0.9801153612629022,0.9781420765027322,0.9836065573770492
17,0.9008803885853066,0.8943533697632058,0.9638737097753493,0.9682756527018822,0.9761687917425622,0.97829386763813,0.0,0.9817850637522769
19,0.9016393442622952,0.9118093503339404,0.9599271402550092,0.974802671523983,0.973284760170006,0.9755616272009716,0.9779902853673346,0.9867941712204007
