,6,7,8,9,10,11,12,13
1,0.0194937451855494,0.0118577541590628,0.0065097485972707,0.0039023308415416,0.0028151422091488,0.0017943510165661,0.0012930788035799,0.0008593631899647413
3,0.019575705044419,0.0118256442872106,0.0066359126352037,0.0042590814201701,0.0026199711132,0.0018926156207538,0.0012119190100511,0.0008806701607429206
5,0.0213848627577017,0.0125676093759004,0.0059898819077625,0.0038006493941987,0.0027356590105659,0.0018487364101278,0.0012526268935938,0.0008710932094798797
7,0.0199015854155188,0.0114326473014524,0.0070239133202765,0.0043166930730215,0.002754810800975,0.0019402793811362,0.0013094384476542,0.0008782117383818709
9,0.0210784653349203,0.0111283959870122,0.0070669006733425,0.0042558352326445,0.0026867120793077,0.0019038540422088,0.0012824432433496,0.000909159737158527
11,0.0196147963737651,0.0113372240376908,0.0068161717812595,0.0043090604004146,0.0028564245728953,0.0019310824849347,0.0013095264588964,0.0008970351035210196
13,0.0202418405944955,0.0116078570253617,0.0069463957171185,0.0045101940237792,0.0031618348498112,0.0019266148599271,0.0012021154864076,0.000889273156948768
15,0.0207366594750007,0.0115821065864647,0.0067475470354186,0.0044630042640911,0.002949744803739,0.0019691516441842,0.0012679363166954,0.0008720990956481088
17,0.0218113426947495,0.0104709504993277,0.0065465133511749,0.0039666483159366,0.0031637530301041,0.0020726711483131,0.0,0.000892957443915828
19,0.020269847752232,0.0109196329091441,0.0067479307026339,0.0042829123462283,0.0025362633714415,0.0019386484929469,0.0012917471314756626,0.0009251862699812645
